0,052288
0,053987
0,054755
0,050747
0,049513
0,047358
0,043795
0,04477
0,044934
0,038766
0,036166
0,031459
0,031788
0,027891
0,024968
0,022856
0,016529
0,012241
0,013564
0,010917
0,009429
0,006284
0,00314
-0,004135
-0,00728
-0,012738
-0,015057
-0,01456
-0,016709
-0,023481
-0,023481
-0,025297
-0,025466
-0,027282
-0,034551
-0,033064
-0,033556
-0,03488
-0,034054
-0,036367
-0,039009
-0,037521
-0,037521
-0,036203
-0,040661
-0,040989
-0,040661
-0,040661
-0,043637
-0,046114
-0,045781
-0,045119
-0,047586
-0,046771
-0,049662
-0,049344
-0,051102
-0,050784
-0,050143
-0,046771
-0,051419
-0,048227
-0,052701
-0,051742
-0,05062
-0,052383
-0,049026
-0,049026
-0,049344
-0,048227
-0,050943
-0,048544
-0,047904
-0,039173
-0,042149
-0,041159
-0,039173
-0,036367
-0,031904
-0,029596
-0,029098
-0,030252
-0,025297
-0,024804
-0,022162
-0,021003
-0,020511
-0,017043
-0,017371
-0,0134
-0,011584
-0,010753
-0,011584
-0,011251
-0,006782
-0,007116
-0,004135
-0,00513
-0,000826
-0,001324
-0,002975
-0,001488
0,000498
0,000662
0,00728
0,002647
0,005294
0,007772
0,006618
0,00711
0,010589
0,012241
0,012738
0,013067
0,015057
0,019288
0,018477
0,01961
0,019939
0,022533
0,021236
0,026594
0,027076
0,027404
0,023671
0,027076
0,029352
0,026594
0,027076
0,029511
0,029998
0,026753
0,030649
0,030972
0,030162
0,030813
0,031624
0,032269
0,032434
0,033408
0,030972
0,029839
0,034059
0,032598
0,029511
0,029675
0,029998
0,030649
0,029188
0,027727
0,031624
0,02643
0,031301
0,027563
0,024481
0,026266
0,022369
0,021072
0,024968
0,022046
0,023994
0,023343
0,02221
0,017175
0,019775
0,01555
0,0134
0,013728
0,013236
0,010255
0,014724
0,012077
0,013564
0,01555
0,010917
0,009429
0,008106
0,009593
0,00612
0,009429
0,009758
0,008932
0,004633
0,005956
0,006284
0,006618
0,00612
0,00612
0,003309
0,00314
0,000826
0,002483
0,004633
0,002647
0,003971
0,004135
0,003971
0,004463
0,004135
0,004135
0,004961
-0,000328
0,001488
-0,000826
0,00314
0
-0,000328
0,003637
0,001159
-0,001324
-0,000164
-0,003145
-0,001821
-0,001652
-0,002483
-0,003145
-0,005459
-0,004135
-0,003971
-0,003971
-0,005459
-0,001488
-0,003971
-0,006618
-0,003145
-0,004135
-0,005792
-0,008106
-0,006952
-0,006618
-0,005459
-0,009101
-0,010091
-0,009429
-0,008106
-0,008768
-0,011251
-0,010261
-0,010091
-0,010425
-0,01241
-0,015386
-0,011912
-0,01456
-0,015221
-0,013072
-0,014231
-0,015057
-0,015555
-0,018859
-0,017043
-0,015883
-0,016873
-0,016047
-0,018859
-0,014893
-0,0134
-0,01357
-0,017371
-0,014062
-0,011086
-0,016873
-0,014724
-0,015883
-0,011251
-0,016873
-0,01357
-0,010091
-0,014396
-0,010425
-0,010091
-0,008937
-0,007116
-0,007777
-0,010753
-0,007777
-0,008603
-0,008275
-0,006454
-0,004961
-0,011086
-0,007613
-0,009429
-0,008937
-0,009927
-0,010753
-0,012738
-0,008603
-0,008937
-0,008768
-0,010753
-0,010425
-0,011912
-0,009599
-0,009763
-0,009927
-0,009429
-0,01241
-0,011912
-0,009101
-0,010589
-0,011086
-0,008439
-0,005459
-0,009927
-0,009101
-0,006952
-0,00612
-0,005956
-0,002975
-0,005294
-0,00629
-0,006782
-0,004135
-0,003971
-0,001324
-0,001159
-0,002975
-0,001488
-0,004135
-0,002811
0,000498
-0,002811
-0,005459
-0,000826
-0,001985
-0,001324
-0,003145
0,001324
-0,002811
-0,004135
-0,001821
-0,005294
-0,005459
-0,003309
-0,002647
-0,001324
-0,004797
-0,001159
-0,004135
-0,00513
-0,004468
-0,004468
-0,006618
-0,00728
-0,003971
-0,003637
-0,002975
-0,003309
-0,004797
-0,008768
-0,005294
-0,004299
-0,004633
-0,005459
-0,000826
-0,003971
-0,003309
-0,003473
-0,004797
-0,001821
-0,004797
-0,001652
-0,005294
-0,004299
-0,004797
-0,003637
-0,00513
-0,005628
-0,003637
-0,002647
-0,000328
-0,004135
-0,005628
-0,001488
-0,005294
-0,002975
-0,000498
-0,003637
-0,002483
-0,001159
0
0,001657
-0,00099
0,000498
-0,001488
-0,001985
-0,003145
-0,002811
-0,001652
-0,002314
-0,002811
-0,001159
-0,003637
-0,005628
-0,002811
-0,005628
-0,004797
-0,004468
-0,002483
-0,00215
0,000662
-0,000164
-0,00215
-0,001652
0,000662
0,002811
0,003637
0,002811
0,004299
0,00612
0,008434
0,006284
0,010917
0,013236
0,012574
0,013898
0,012902
0,012405
0,016529
0,015719
0,015221
0,013728
0,016042
0,018149
0,016365
0,019775
0,019452
0,017826
0,017339
0,020913
0,019288
0,022533
0,022369
0,020585
0,020098
0,019939
0,0214
0,022369
0,019939
0,017339
0,020262
0,021882
0,018965
0,020262
0,022369
0,022856
0,022533
0,0214
0,01961
0,022697
0,020585
0,023507
0,020098
0,022369
0,020426
0,020098
0,019775
0,017503
0,018149
0,021723
0,016688
0,015878
0,018965
0,014396
0,015719
0,011251
0,016042
0,011912
0,011251
0,008768
0,009593
0,011251
0,006618
0,006449
0,005459
0,00314
0,000662
0,003309
-0,00215
0,001324
-0,001652
-0,00215
-0,004135
-0,003971
-0,00629
-0,003473
-0,00728
-0,003807
-0,007777
-0,007777
-0,004961
-0,00629
-0,008275
-0,008275
-0,011086
-0,009101
-0,008768
-0,007613
-0,007777
-0,009101
-0,008937
-0,009763
-0,011584
-0,008275
-0,007613
-0,008603
-0,00513
-0,005459
-0,009927
-0,003807
-0,007444
-0,005792
-0,004468
-0,006618
-0,006618
-0,00513
-0,005459
-0,004135
-0,003145
-0,000498
0,000164
0,000498
0,002483
0,000164
0,00215
0,00215
0,00314
0,002811
0,005294
0,00612
0,00612
0,005125
0,007608
0,007772
0,005956
0,009265
0,006782
0,006449
0,00612
0,008434
0,009758
0,010753
0,010917
0,010753
0,007608
0,010753
0,013067
0,012405
0,012405
0,007608
0,009927
0,009927
0,010255
0,0134
0,010917
0,015719
0,015878
0,015221
0,016042
0,014888
0,013898
0,011081
0,011081
0,012574
0,009265
0,011415
0,009265
0,006618
0,008932
0,00711
0,012405
0,009096
0,005787
0,007608
0,006449
0,009265
0,005623
0,006449
0,004961
0,002319
0,002483
0,000164
0,000498
0,000334
0,001488
-0,001159
-0,001821
-0,002483
-0,002483
-0,00215
-0,005294
-0,003309
-0,003637
-0,00728
-0,006952
-0,006454
-0,005294
-0,00629
-0,009101
-0,009429
-0,01241
-0,012077
-0,012908
-0,013734
-0,009763
-0,010589
-0,0134
-0,014724
-0,012077
-0,013236
-0,016217
-0,015719
-0,014893
-0,017207
-0,015221
-0,01357
-0,015719
-0,014893
-0,015883
-0,018859
-0,017043
-0,016217
-0,016545
-0,017869
-0,016873
-0,015386
-0,016381
-0,014893
-0,01357
-0,011748
-0,011584
-0,011748
-0,009265
-0,009101
-0,010589
-0,008937
-0,008603
-0,00612
-0,011086
-0,006618
-0,003637
-0,002975
-0,004135
-0,001821
-0,004135
-0,003473
-0,001488
-0,001985
-0,005459
-0,003145
-0,002483
0,000662
0,001821
0,000662
0,002975
0,000498
0,000662
-0,00099
-0,00215
0,000662
0,002975
0,004299
0,00314
-0,000164
0,00215
-0,000662
0,005459
0,005294
0,010589
0,002319
0,006782
0,007772
0,006449
0,009265
0,010917
0,008768
0,013564
0,009096
0,014888
0,012738
0,0134
0,014396
0,014226
0,012902
0,014396
0,014226
0,01555
0,0188
0,012241
0,015386
0,011912
0,019123
0,017662
0,015057
0,014396
0,01555
0,017339
0,012738
0,017175
0,013898
0,014226
0,014888
0,014226
0,015057
0,0134
0,012241
0,011912
0,011251
0,007772
0,010917
0,009758
0,010753
0,006782
0,009429
0,008106
0,006284
0,004135
0,00314
0,004633
0,004463
0,002319
0,002319
0,002811
-0,000328
0,002811
-0,00099
-0,003473
-0,001652
-0,00612
-0,002483
-0,004135
-0,00629
-0,00513
-0,003473
-0,004797
-0,006952
-0,005956
-0,005459
-0,009599
-0,007444
-0,008439
-0,009101
-0,006782
-0,009599
-0,005294
-0,007613
-0,008106
-0,006454
-0,010091
-0,008106
-0,008275
-0,011086
-0,008275
-0,005628
-0,00513
-0,005459
-0,005294
-0,005294
-0,004797
-0,001324
-0,006952
-0,003637
-0,004633
-0,005956
-0,001985
-0,000826
-0,005792
-0,001488
0,001159
-0,001324
-0,000164
0,001985
0,000826
-0,000826
0,000662
0,005294
0,005459
0,004961
0,003801
0,005787
0,008106
0,013236
0,01456
0,014062
0,016042
0,020098
0,022046
0,02302
0,023671
0,022856
0,0214
0,022697
0,016206
0,01555
0,005956
0,006782
-0,004135
-0,008937
-0,018859
-0,020346
-0,021501
-0,027282
-0,023152
-0,019187
-0,019685
-0,016873
-0,013898
-0,009101
-0,005294
-0,006782
-0,003473
-0,006618
-0,006618
-0,007116
0,000826
-0,001488
-0,000826
0,003801
0,003473
0,005294
0,010419
0,009429
0,010091
0,012077
0,011251
0,010917
0,012738
0,012574
0,012077
0,010091
0,006449
-0,004135
-0,003637
-0,002483
-0,007444
-0,010091
-0,014396
-0,015555
-0,016217
-0,019351
-0,017869
-0,019351
-0,017869
-0,017371
-0,015386
-0,017699
-0,018695
-0,01357
-0,014724
-0,010922
-0,01456
-0,012908
-0,011748
-0,011912
-0,010753
-0,006952
-0,008275
-0,009101
-0,003473
-0,003971
-0,000826
0,002975
0,005125
0,001821
0,001488
0,005459
0,002975
0,00314
0,001159
-0,000662
0,000826
-0,003145
-0,003473
-0,004135
-0,004633
-0,005628
-0,002314
-0,005459
-0,006618
-0,004135
-0,005792
-0,003309
-0,003309
-0,00099
-0,003145
0,001324
-0,001324
0,001821
0,002319
0,000334
0,002975
0,002647
0,003801
0,004463
0,004135
0,005294
0,004797
0,005459
0,006449
0,008434
0,005623
0,006449
0,002811
0,001657
0,004463
0,003309
0,000164
0,001159
-0,001159
0,000498
-0,002314
-0,004135
-0,004961
-0,003473
-0,004797
-0,006454
-0,003971
-0,008439
-0,008275
-0,006454
-0,00513
-0,005792
-0,006454
-0,004797
-0,000662
-0,001324
-0,002811
-0,002811
-0,001985
-0,003473
0,000498
0,000498
0,000662
-0,001324
0,000662
0,000334
-0,002314
0,001159
0,000995
-0,001652
-0,00513
-0,000826
-0,004299
-0,002811
-0,003309
-0,003637
-0,006454
-0,006618
-0,00612
-0,00215
-0,003971
-0,003971
-0,00629
-0,004633
-0,005956
-0,002647
-0,004797
-0,005792
-0,005459
-0,003309
-0,004797
-0,005628
-0,002483
-0,004468
-0,005459
-0,005792
-0,001324
0,000498
0,000995
-0,00215
0,000826
-0,002314
0,00612
0,002811
0,004463
-0,000498
0,00612
0,002811
0,005623
0,00728
0,006618
0,006946
0,003637
0,007444
0,009096
0,007942
0,005459
0,005787
0,007608
0,004797
0,002319
0,003309
0,002811
0,00215
-0,000164
0,003801
0,00215
0,000662
-0,001652
0,00215
0,001657
0,000662
-0,002647
-0,003637
0,000164
0,000334
0,001324
0,003309
0,000662
0,000826
-0,000826
-0,001652
-0,00099
0,003801
-0,001652
-0,001821
-0,002483
-0,002811
-0,000826
-0,001488
-0,003145
-0,002975
-0,001159
0
-0,001652
-0,001488
0,000826
-0,002647
0,000662
0,001657
0,000826
-0,002483
0,000662
0,002483
-0,000498
0,001324
-0,000498
-0,000662
-0,001985
-0,002483
-0,001488
-0,003971
-0,003145
-0,002483
-0,00099
-0,003309
-0,003807
-0,004633
-0,003309
-0,002314
-0,003971
-0,004961
-0,000164
-0,002647
-0,003309
-0,004797
-0,00215
-0,002647
-0,002975
0,000662
-0,001821
-0,000826
-0,004468
0,001324
-0,004468
-0,000662
-0,003637
-0,004961
-0,007116
-0,002314
-0,003309
-0,006618
-0,003971
-0,005294
-0,002647
-0,00728
-0,005459
-0,005956
-0,007116
-0,00513
-0,00513
-0,00513
-0,003145
-0,006454
-0,005459
-0,003473
-0,004468
-0,005459
-0,003807
-0,00215
-0,004468
-0,000662
-0,000662
-0,000328
0,000995
0,00215
0,002483
0,001821
0,002483
0,004299
0,004961
0,004633
0,00215
0,002811
0,001985
0,002319
-0,000164
0,004135
0,004633
0,003637
0,000826
0,003801
0,001324
0,004961
-0,003971
0,002319
-0,003309
-0,001488
-0,000498
-0,004633
-0,00099
-0,000498
-0,001488
-0,001652
-0,001324
-0,004299
-0,002975
-0,001821
-0,001652
-0,003473
-0,001821
-0,004299
-0,002811
-0,002314
-0,001985
-0,004299
-0,003971
-0,003637
-0,00215
-0,003309
-0,002647
-0,000498
-0,001821
-0,00215
-0,002483
0,000164
-0,000662
-0,001324
0,001159
0
0,000334
0,000826
-0,001159
0,000334
-0,001821
-0,003971
-0,003145
-0,000328
0
-0,003971
-0,00099
-0,001324
-0,001652
0,000498
0,005294
-0,000662
0
0,000995
-0,000328
-0,00215
-0,002811
0,002319
-0,00215
-0,001159
-0,001985
-0,000498
0,001821
0,002319
0,001488
0,00314
-0,000164
-0,000826
0,000826
0,000826
0,001324
0,000498
0,002647
0,001657
0,001488
0,004797
0,002975
0,005623
0,006618
0,005294
0,006618
0,005956
0,003309
0,006782
0,00728
0,007942
0,005787
0,008603
0,006782
0,010753
0,008106
0,008932
0,009593
0,009758
0,011415
0,012574
0,012738
0,010589
0,010917
0,010419
0,012077
0,011743
0,012241
0,012574
0,013898
0,014226
0,011415
0,012077
0,011743
0,010419
0,014396
0,010753
0,013236
0,010255
0,008768
0,010255
0,010419
0,011415
0,009429
0,011415
0,014062
0,011912
0,012405
0,011081
0,008932
0,007942
0,011081
0,00711
0,011081
0,003637
0,007608
0,005956
0,002975
0,003801
0,005125
0,004135
0,006284
0,00314
0,000826
0,004961
0,00314
0,00215
0,004463
0,003801
0,000164
0,00215
-0,000164
0,002483
0,001488
0,003971
0,00215
0,001821
0,001324
0,000164
-0,001324
-0,003637
-0,000826
0,000498
-0,004797
0,00215
-0,001985
-0,001488
-0,004299
-0,000328
-0,003473
-0,000662
-0,004961
0,000662
-0,000826
-0,002483
-0,001324
-0,001324
-0,000498
-0,001159
-0,000662
-0,001324
-0,003473
-0,002647
-0,000498
0
-0,001488
-0,000164
-0,000662
-0,000164
-0,004135
-0,001324
-0,001652
-0,000328
-0,00099
-0,000662
0,001159
-0,001985
-0,000826
-0,001324
-0,001488
-0,005294
-0,003309
-0,00099
-0,00215
-0,002647
-0,00513
0,000334
-0,005792
-0,004299
-0,003637
-0,000826
-0,004135
-0,003637
-0,004633
-0,005628
-0,001821
-0,002975
-0,004135
-0,007942
-0,004797
-0,003637
-0,003473
-0,000498
-0,003473
-0,005628
0,000164
-0,002314
0,000164
-0,00215
0,000826
0,002319
-0,000826
0,000995
0,003801
0,005459
0,000334
0,006284
0,005623
0,005459
0,00314
0,00728
0,004633
0,010091
0,009758
0,004633
0,008106
0,00711
0,007942
0,004961
0,006618
0,007942
0,006618
0,00728
0,007942
0,00728
0,00711
0,009758
0,005787
0,006449
0,005623
0,007608
0,00728
0,00711
0,004463
0,004463
0,003473
0,00314
0,002975
0,005294
0,004797
0,00728
0,007608
0,003637
0,004633
0,005125
0,008603
0,009265
0,008434
0,005294
0,007942
0,008106
0,005956
0,009429
0,00711
0,00711
0,006782
0,004797
0,004463
0,004633
0,006449
0,003801
0,002647
0,002647
0,002483
0,001324
0,001324
0,004463
0
-0,00099
-0,001985
0,001159
-0,002975
-0,00099
0,001821
-0,001324
-0,00215
-0,000498
0,000334
-0,001652
-0,003637
-0,000498
0
-0,00099
0,000498
0,001985
-0,001159
0,000995
-0,000164
0,000995
0,002647
0,000662
0,005787
0,005459
0,000995
0,001821
0,003637
0,001324
0,001324
0,001324
0,005787
0,004135
0,002975
0,00711
0,00728
0,001657
0,003971
0,004135
0,005623
0,004961
0,006946
0,004463
0,003971
0,004299
0,00215
0,004135
0,005459
0,005294
0,005623
0,00215
0,001821
0,005294
0,004135
0,005956
0,000498
0,002811
0,005294
0,000498
0,002647
0,002647
0,001657
-0,000164
0,005623
0,002647
0,003801
0,005125
0,002647
0
0,005623
-0,000498
0,002319
0,003637
0,005623
0,000164
-0,001488
0,004463
-0,000164
0,00314
0,004463
0,001159
0,002319
0,001488
0,002483
0,002647
-0,001324
0,001821
0,001324
0,003309
0,001985
-0,000498
-0,000662
0,000662
0,000164
-0,000662
0,001488
0,000334
-0,001652
-0,000164
-0,001159
-0,000826
-0,002975
-0,003971
-0,000498
-0,002811
-0,003637
-0,001324
-0,003637
-0,002975
-0,004468
-0,003145
-0,006618
-0,005294
-0,007777
-0,003971
-0,003145
-0,003473
-0,002647
-0,006454
-0,003309
-0,002314
-0,001652
-0,004468
-0,001985
-0,001488
-0,001985
-0,003145
-0,001985
-0,000498
-0,002483
-0,004633
-0,001821
-0,003145
0
-0,002811
-0,00215
-0,000164
-0,004797
-0,001652
-0,003473
-0,00099
-0,003807
-0,00629
-0,001821
-0,001821
-0,001821
-0,001985
-0,003637
-0,000826
-0,002647
-0,001488
-0,004299
-0,001985
-0,002975
-0,00215
-0,002811
-0,002647
0,000995
-0,003145
0,000498
-0,003971
-0,003145
-0,002811
-0,003807
-0,003637
-0,005459
-0,005956
-0,002483
-0,002314
-0,003473
-0,005459
-0,004468
-0,001652
-0,003309
-0,005792
-0,004961
-0,008275
-0,00513
-0,009101
-0,008937
-0,006952
-0,007116
-0,00513
-0,006952
-0,00612
-0,010091
-0,012738
-0,012574
-0,007777
-0,012077
-0,013898
-0,016381
-0,011086
-0,01241
-0,015555
-0,012738
-0,014396
-0,012246
-0,012077
-0,016217
-0,011251
-0,011251
-0,011251
-0,011415
-0,01241
-0,00612
-0,011251
-0,011584
-0,009429
-0,009265
-0,013072
-0,007444
-0,006952
-0,006952
-0,007444
-0,009265
-0,009101
-0,009599
-0,008603
-0,010753
-0,007777
-0,00612
-0,005294
-0,010425
-0,007444
-0,007116
-0,007777
-0,006952
-0,006782
-0,009101
-0,005956
-0,004797
-0,004633
-0,006618
-0,005628
-0,00629
-0,006952
-0,008106
-0,00513
-0,003807
-0,002483
-0,005294
-0,002811
-0,005294
-0,001159
-0,004961
-0,006618
-0,004135
-0,005294
0,000498
-0,004797
-0,004299
0,000662
-0,002811
-0,003145
-0,003309
-0,000328
-0,002483
-0,000164
-0,000662
0,001657
-0,001324
-0,000662
0,001657
0,001324
-0,000498
0,000826
0,001488
-0,001159
0,000995
0,002975
0,000498
0
0,003473
0,000334
0,003971
0,003801
0,003637
0,005787
0,005294
0,006449
0,00612
0,009758
0,00612
0,007444
0,00827
0,009429
0,007444
0,007444
0,008434
0,00827
0,00827
0,006782
0,008434
0,009096
0,009429
0,005956
0,007772
0,008603
0,005787
0,006946
0,006946
0,004961
0,001985
0,006782
0,004463
0,00711
0,007444
0,004633
0,004463
0,00711
0,005787
0,004797
0,005787
0,00314
0,007608
0,006284
0,005787
0,00728
0,005294
0,00612
0,010255
0,004299
0,006449
0,008434
0,004135
0,006618
0,004135
0,005294
0,003473
0,000662
0,002811
0,002319
0,002647
0,001657
0,001657
0,003309
0,003637
0,001488
0,004797
0,002975
0,004299
0,004633
0,004633
0,005125
0,001821
0,004463
0,001985
0,001488
0,005956
0,005459
0,003637
0,002647
0,003309
-0,000498
0,003971
0,008106
0,002483
0,006284
0,004135
0,007608
0,00711
0,006284
0,007772
0,008603
0,00711
0,00827
0,00827
0,009593
0,010255
0,011912
0,011251
0,009429
0,011081
0,009758
0,011415
0,011743
0,009758
0,008434
0,005623
0,006284
0,005623
0,003309
0,005125
0,001821
0,000995
0,003309
0,004299
0,001821
0,000164
0,002483
0,003473
0,003473
0,002975
0,002483
-0,00099
0,001657
0,004633
0,004961
0,002975
0,002647
0,004961
0,00612
0,006946
0,004633
0,009429
0,008106
0,004463
0,008434
0,009265
0,006618
0,00728
0,007608
0,00612
0,005956
0,006946
0,002647
0,002647
0,002647
0,001324
-0,00099
-0,002647
-0,001324
-0,002811
-0,003473
-0,003807
-0,004961
-0,003971
-0,004961
-0,007116
-0,001985
-0,006618
-0,004797
-0,006618
-0,002811
-0,004468
-0,001324
-0,003145
-0,003807
0,00314
-0,000826
0,000334
0,002319
0,001985
0,001324
0,002811
0,004299
0,004961
0,006618
0,008434
0,008434
0,00612
0,005125
0,005956
0,007608
0,00612
0,008434
0,001657
0,008932
0,003637
0,004463
0,003637
0,002975
-0,001324
-0,000826
0,000498
-0,000826
-0,001652
-0,004468
-0,003473
-0,003473
-0,004299
-0,00728
-0,004633
-0,004468
-0,000826
-0,002314
0,000662
-0,004468
-0,001324
0
-0,001652
-0,001324
0,001324
-0,001159
-0,002314
0,000164
-0,000498
0,000662
0,003309
0,002319
0,002811
0,000498
0,002811
0,000662
0,001657
0,003971
0,003309
0,00728
0,001159
0,004135
0,003801
0,001985
0,000662
0,002975
0,003971
0,000995
-0,001488
-0,000328
-0,003971
-0,004135
-0,003807
-0,006454
-0,007942
-0,010922
-0,013072
-0,011086
-0,009429
-0,010091
-0,01357
-0,012738
-0,011251
-0,012908
-0,011748
-0,013898
-0,012077
-0,010922
-0,016047
-0,012738
-0,010425
-0,010922
-0,011086
-0,007613
-0,00513
-0,007116
-0,004797
-0,007613
-0,004797
-0,010091
-0,008768
-0,008275
-0,006454
-0,004135
-0,007116
-0,007444
-0,005459
-0,008937
-0,008439
-0,009763
-0,011912
-0,009599
-0,010425
-0,011086
-0,011251
-0,01241
-0,008439
-0,010425
-0,010753
-0,010589
-0,008603
-0,008106
-0,007444
-0,009599
-0,003807
-0,007116
-0,00099
-0,001159
0,000498
0,001821
0,002975
0,001324
0,004633
0,00827
0,007608
0,007772
0,008106
0,010091
0,010419
0,010753
0,009927
0,008106
0,007942
0,005294
0,006284
0,008106
0,004633
0,006782
0,002483
0,003971
0,003971
0,004135
0,002319
0,000498
-0,000328
-0,000328
0,000164
-0,000328
-0,001159
0,000334
0,003473
0,000826
0,001657
0,002647
0,000662
0,004463
0,003473
0,007772
0,008768
0,00827
0,008603
0,011081
0,011912
0,011579
0,010255
0,011415
0,011743
0,012405
0,015719
0,014888
0,016042
0,012077
0,012077
0,012241
0,012405
0,012077
0,010255
0,006449
0,006946
0,008106
0,003971
0,004961
0,00827
0,004797
0,004463
0,001488
0,003801
0,002811
0,001985
0,003971
0,003971
0,003309
-0,00099
0,002483
0,003971
0,004463
0,00612
0,004463
0,004961
0,00612
0,004797
0,006946
0,003309
0,002975
0,003971
0,002975
0,002811
0,002647
0,002319
0,001324
0,001488
-0,002483
0,000826
-0,001488
-0,004468
-0,003145
0
0,000334
-0,000498
-0,003971
-0,003145
0,000662
-0,001652
0
-0,00099
-0,003145
-0,004797
-0,000498
-0,003309
-0,000328
-0,002483
-0,004135
-0,001159
-0,001324
-0,002811
-0,003309
-0,002314
-0,005628
-0,004797
-0,00215
-0,004797
-0,000826
-0,003637
0
-0,00629
-0,003637
-0,001652
0,000826
-0,005956
-0,002811
-0,002483
-0,001821
-0,004633
-0,00215
-0,001159
-0,00513
-0,002647
-0,006782
-0,003637
-0,00513
-0,002314
-0,005294
-0,004797
-0,000826
-0,002483
-0,003637
-0,00728
-0,006952
-0,004468
-0,002647
-0,00513
-0,004633
-0,004961
-0,00513
-0,00215
-0,003473
-0,00513
-0,003807
-0,004135
-0,002811
-0,000328
-0,000662
-0,000662
-0,003971
-0,000328
-0,001985
0,00314
0,000164
0,001488
0,003971
-0,000498
0,001324
0,001159
-0,000662
0,000662
0
-0,000328
-0,001488
0,000498
0,000662
0,002483
0,002647
0,002483
0,003801
0,002483
0,003473
0,003309
0,005787
0,00215
0,001324
0,000995
0,00314
0,00314
0,003801
-0,001159
0,00215
0,002975
-0,001821
0,000498
0,000164
-0,000498
-0,00215
-0,001324
0,000334
-0,00099
0,002975
0,001488
0,001159
-0,000328
0,002975
-0,002975
0,000334
0
0,003309
0,000164
-0,000498
0,001985
-0,004299
0,000995
-0,001821
-0,005628
-0,003637
-0,003473
-0,002314
-0,00513
-0,004468
-0,007116
-0,00612
-0,006952
-0,00629
-0,007116
-0,007116
-0,008106
-0,007444
-0,009429
-0,007942
-0,007116
-0,007116
-0,006952
-0,006952
-0,009429
-0,003637
-0,004961
-0,002811
-0,004135
-0,004468
-0,002975
-0,002975
-0,001488
-0,003309
-0,001159
0,000826
0,002647
0,000498
0,002319
0,002811
0,004463
0,003801
0,002319
0,002811
0,00215
0,002975
0,004961
0,005459
0,007444
0,001985
0,008106
0,003637
0,00314
0,004797
-0,000328
0,003309
0,000995
0,002975
0,000826
0,001159
0,000334
0,000662
0,002811
-0,001488
0,001159
-0,000498
0,00215
-0,000328
-0,002483
-0,000662
-0,001159
-0,003145
-0,002314
-0,001324
-0,004135
-0,002811
-0,001821
-0,002811
-0,002811
-0,003971
0
0,000662
-0,002647
-0,000662
-0,003637
-0,000498
-0,002483
-0,000164
-0,000328
-0,000498
0,005125
0,000498
0,002483
0,003971
0,002975
0,003637
0,001488
0,002483
0,004463
0,00215
0,001657
0,00314
0,001657
0,001488
-0,000328
0,001324
-0,000826
-0,000328
0,002647
0,000995
-0,000498
0,001324
0,001324
-0,001985
-0,000826
-0,003807
-0,002314
0,000498
-0,003309
-0,004135
0,000164
0,000164
-0,000826
-0,003309
-0,001159
0,000826
-0,001159
-0,000164
0,002647
0,001159
0,004135
0,002319
0,001159
0,002319
0,002647
0,002647
0,001821
0,001657
0,002811
0,003309
0,002483
0,001985
0,002975
0,002811
0,004135
0,002319
-0,003807
0,000662
-0,000498
0,000334
0,000334
0,001985
-0,003145
-0,001159
0,000995
-0,001821
-0,002647
-0,000826
-0,001985
-0,003145
-0,001324
-0,00215
-0,00215
-0,000826
-0,00513
-0,002647
-0,002314
0,000498
-0,002314
-0,004633
-0,00099
-0,001488
-0,001985
-0,003637
-0,004468
-0,003473
-0,002647
-0,003807
-0,002811
-0,004135
-0,004135
-0,007444
-0,004633
-0,003971
-0,002811
-0,004468
-0,00215
-0,003637
-0,00215
-0,002647
-0,00215
-0,004961
-0,003309
0,000334
-0,001652
-0,004797
-0,000328
-0,001821
-0,000328
0,004135
0,000334
0,002319
0,001324
0,001488
0,000826
0,001985
0,002647
0,003971
0,003309
0,001324
0,005125
0,005787
0,002647
0,002647
0,00215
0,002811
0,005787
0,002811
-0,000164
0,003801
0,003637
0,002647
0,003637
0,004299
0,004633
0,002811
0,002811
0,002975
0,000662
0,002811
0,000826
0,002319
0,003309
-0,000164
0,001985
0,001821
0,002647
0,002647
-0,000662
0,00215
0,001324
0,001657
0,001657
0,001985
0,000164
-0,001324
0,001324
-0,000662
-0,001821
0,004299
-0,001159
0,002483
0,001488
0,000995
0,004463
0,004463
0,004961
0,004633
0,004961
0,002811
0,003801
0,002975
0,005125
0,005956
0,00612
0,004135
0,007772
0,004961
0,004797
0,007772
0,003309
0,00314
0,005459
0,003801
0,001985
0,004961
0,001324
-0,000498
0,001657
0,001821
0,000164
-0,000498
0,000995
0,001159
-0,00215
-0,001159
-0,001159
0,001159
0,001821
-0,000498
0,001821
-0,000164
0,001657
0
-0,00215
-0,00099
-0,001821
-0,000662
0
0,000498
-0,001324
0,000826
0,001985
0,000334
0,000164
0,002647
0,000164
0,002647
0,001985
-0,000498
-0,003637
-0,000662
-0,001159
-0,001652
-0,00215
-0,000826
-0,00099
0,001324
-0,002647
-0,001488
-0,002647
-0,001652
-0,00099
-0,002975
-0,00215
0,001159
-0,001488
-0,000826
-0,002314
-0,001159
-0,000662
-0,00215
-0,001985
-0,002647
-0,001159
-0,00099
0,000164
0,000826
0,002647
0,000498
0,000826
-0,000164
-0,000662
-0,001488
-0,002483
0
-0,001652
0,001821
0,000498
0,001821
0,000164
-0,00099
0,002319
0,003473
0,004135
0,000995
0,006782
0,001488
0,00612
0,001488
0,00314
0,004797
0,003637
0,001657
0,001821
0,000826
0,00314
0,001159
-0,000164
0,00215
0,003637
0,002483
0,000498
0,002319
0,004961
0,004463
0,002647
0,004961
0,003473
0,006449
0,006782
0,006284
0,004299
0,005125
0,006618
0,00728
0,004961
0,009096
0,005956
0,007942
0,00827
0,007444
0,00711
0,006618
0,005294
0,008434
0,005956
0,002483
0,004135
0,003473
0,002319
0,003309
0,001657
0,000995
0,004463
0,000826
0,000826
0,002647
0,000662
0,000498
0,001985
-0,00215
0,000164
0,000995
0,001985
0,00314
0,002975
0,001488
-0,001652
0
0,002647
0,006618
0,001985
0,001324
0,003473
0,001657
0,002319
0,003309
0,006618
0,002811
0,002319
0,00215
0,002483
0,000334
0,001488
0,003801
0,000662
0,000662
0
-0,00099
-0,002483
-0,002811
-0,001821
-0,002975
-0,001159
-0,00215
-0,002483
-0,004961
-0,004135
-0,00513
-0,002811
-0,001652
-0,001324
-0,003971
-0,003971
-0,001488
0
0,002319
0,001657
0,000498
0,001488
0,000995
0,000826
0
0,003473
0,002647
0,002975
0,005459
0,002647
0,00314
0,001488
0,000164
0,000995
-0,00099
0,002319
-0,000498
-0,000328
0,00314
-0,001821
-0,00215
0,003309
-0,001652
-0,003309
-0,001324
0,001159
-0,00099
-0,001821
0,000334
-0,001652
-0,000826
-0,00099
-0,001159
-0,001324
0,001159
0,000826
0,002319
-0,000662
0,002483
0,002647
0,000164
0,002811
-0,000164
0,006782
-0,000164
0,002319
0,003473
0,00215
