0,079274
0,080045
0,07867
0,076188
0,07323
0,073706
0,072305
0,073706
0,070286
0,068884
0,062378
0,058186
0,057414
0,049956
0,042794
0,038268
0,036712
0,024843
0,024213
0,011071
0,004951
-0,001659
7,7E-05
-0,00904
-0,013913
-0,017218
-0,013913
-0,018799
-0,02195
-0,022901
-0,023223
-0,023377
-0,023531
-0,023531
-0,02132
-0,015636
-0,013605
-0,016742
-0,008885
-0,004166
-0,001659
0,000386
0,002276
0,004629
0,006982
0,004796
0,005414
0,003369
0,002906
-0,003382
-0,006056
-0,013605
-0,016279
-0,019275
-0,021641
-0,029691
-0,033317
-0,035374
-0,039476
-0,041366
-0,039631
-0,044208
-0,047847
-0,047847
-0,053081
-0,048799
-0,052438
-0,053235
-0,050856
-0,052914
-0,056398
-0,05609
-0,054984
-0,056244
-0,051486
-0,053235
-0,057826
-0,05038
-0,047693
-0,04516
-0,04327
-0,044208
-0,04579
-0,041997
-0,039631
-0,036789
-0,030012
-0,028739
-0,028739
-0,022426
-0,023056
-0,016742
-0,018645
-0,013605
-0,014222
-0,00778
-0,006687
-0,001029
0,00243
0,002276
0,007304
0,008242
0,012177
0,014852
0,016575
0,022503
0,023441
0,02609
0,028585
0,030938
0,030617
0,033587
0,036712
0,038113
0,038422
0,039361
0,040608
0,042009
0,044671
0,041084
0,041701
0,039206
0,040762
0,039836
0,036712
0,035619
0,033111
0,031864
0,033278
0,032803
0,03234
0,034526
0,036866
0,036236
0,036236
0,038743
0,041546
0,040453
0,041392
0,046857
0,047629
0,050432
0,049493
0,052759
0,053376
0,052914
0,056475
0,05663
0,058649
0,057877
0,058649
0,057247
0,057247
0,056475
0,059111
0,058494
0,053994
0,053531
0,050586
0,052592
0,049185
0,045764
0,04498
0,037959
0,035619
0,034371
0,034834
0,029999
0,027968
0,027029
0,019224
0,018131
0,017976
0,011393
0,009027
0,010133
0,006828
0,001492
0,00306
-0,001813
-0,001183
-0,007317
-0,008885
-0,009194
-0,013913
-0,015173
-0,015173
-0,015328
-0,018015
-0,023056
-0,020857
-0,020381
-0,02069
-0,023531
-0,020857
-0,023377
-0,020857
-0,024329
-0,024959
-0,027003
-0,027325
-0,028906
-0,029845
-0,031272
-0,032533
-0,036004
-0,036159
-0,039
-0,041997
-0,041058
-0,042639
-0,04705
-0,049275
-0,052438
-0,048953
-0,050856
-0,052914
-0,052129
-0,054984
-0,057517
-0,055614
-0,059099
-0,061799
-0,061002
-0,061632
-0,060204
-0,057993
-0,059896
-0,056398
-0,056244
-0,05609
-0,056565
-0,057993
-0,051962
-0,051962
-0,049583
-0,050702
-0,04579
-0,041688
-0,042472
-0,044375
-0,039798
-0,039631
-0,036634
-0,03522
-0,033793
-0,032687
-0,027801
-0,02717
-0,025267
-0,023531
-0,019108
-0,01943
-0,018015
-0,015636
-0,014222
-0,013913
-0,012653
-0,01219
-0,007947
-0,006995
-0,007162
-0,004951
-0,005748
-0,004166
0,000707
0,000386
0,003215
0,002122
0,004475
0,007612
0,009978
0,010133
0,01264
0,013592
0,014222
0,01516
0,017668
0,019687
0,018594
0,021255
0,020008
0,022811
0,023287
0,024689
0,024997
0,024059
0,028752
0,027029
0,028122
0,032494
0,030462
0,028276
0,029061
0,026566
0,028276
0,031247
0,032648
0,029678
0,029369
0,029845
0,028431
0,028585
0,025782
0,02609
0,024059
0,023441
0,025306
0,021255
0,024059
0,02141
0,021873
0,023287
0,016253
0,018439
0,01579
0,015315
0,014055
0,012486
0,011071
0,011226
0,009027
0,008718
0,007137
0,008551
0,003845
0,005735
0,002585
0,002276
-0,000399
-0,000707
-0,002443
-0,000399
-0,003382
-0,005118
-0,007317
-0,004951
-0,007317
-0,007162
-0,010454
-0,006211
-0,007947
-0,010454
-0,010454
-0,011714
-0,01219
-0,008564
-0,010454
-0,01219
-0,012974
-0,013129
-0,015636
-0,013437
-0,013283
-0,0103
-0,014543
-0,014543
-0,014543
-0,017694
-0,015636
-0,013437
-0,018954
-0,017848
-0,016112
-0,01943
-0,018169
-0,017372
-0,02069
-0,019275
-0,020381
-0,019751
-0,017218
-0,018954
-0,019275
-0,016279
-0,021641
-0,019584
-0,018478
-0,015803
-0,015482
-0,015958
-0,017218
-0,014389
-0,015482
-0,012807
-0,011869
-0,007317
-0,013437
-0,013437
-0,0103
-0,008731
-0,00904
-0,007947
-0,011084
-0,002919
-0,006365
-0,004951
-0,00904
-0,00967
-0,007317
-0,006995
-0,006995
-0,00841
-0,006995
-0,009515
-0,006687
-0,008255
-0,007317
-0,006211
-0,00778
-0,007947
-0,005581
-0,005748
-0,003382
-0,004951
-0,003073
-0,002919
-0,001183
-0,004333
-0,000399
0,00117
0,003369
0,002906
0,005414
0,005735
0,004951
0,006828
0,009027
0,008088
0,012486
0,010287
0,015315
0,015006
0,016253
0,016408
0,014852
0,016408
0,013746
0,016729
0,016408
0,015006
0,012962
0,014222
0,016099
0,014222
0,0139
0,01453
0,01201
0,011071
0,017501
0,011856
0,012962
0,010763
0,010917
0,009811
0,009503
0,011393
0,010287
0,008397
0,007458
0,007612
0,011393
0,009027
0,005259
0,006044
0,007304
0,008397
0,008397
0,006044
0,006519
0,005259
0,005414
0,006982
0,006519
0,004321
0,002752
0,004166
0,002122
0,001955
0,004321
0,001337
-0,001659
0,000862
-0,003536
-0,001967
0,000231
-0,003703
-0,001967
-0,004951
-0,003073
-0,005426
-0,004488
-0,00841
-0,005272
-0,007947
-0,006056
-0,00778
-0,006532
-0,009194
-0,005118
-0,007317
-0,010454
-0,009361
-0,005902
-0,00967
-0,008255
-0,01156
-0,004333
-0,005426
-0,006995
-0,005272
-0,006532
-0,006056
-0,004642
-0,002919
-0,006056
-0,003858
-0,001967
-0,003073
-0,003858
-0,004166
-0,00841
-0,003536
-0,002919
-0,002752
-0,003858
7,7E-05
-0,001967
-0,004166
-0,004012
-0,000707
-0,004166
0,000862
-0,001337
-0,004012
-0,005902
-0,003228
-0,003382
-0,002289
-0,003536
-0,006687
-0,004166
-0,004333
-0,004012
-0,002752
-0,003382
-0,001813
-0,002443
-0,006211
-0,004012
-0,004333
-0,001183
-0,002122
-0,004012
-0,005426
-0,000553
-0,000874
-0,002919
-0,003228
-0,001029
-0,001504
-0,004642
-0,001813
-0,003703
-0,005426
-0,002752
-0,002919
-0,003536
-0,004166
-0,004488
-0,005748
-0,006532
-0,006687
-0,00778
-0,006687
-0,004012
-0,004166
-0,003858
-0,003858
-0,005581
-0,005272
-0,006841
-0,005118
-0,006995
-0,005426
-0,006687
-0,005272
-0,004166
-0,003703
-0,003228
-0,006995
-0,005748
-0,005118
-0,003703
-0,006056
-0,006365
-0,006211
-0,004166
-0,004333
-0,005272
-0,005581
-0,008731
-0,003228
-0,005272
-0,00841
-0,00841
-0,003536
-0,004488
-0,003858
-0,004488
-0,007317
-0,006532
-0,004333
-0,005748
-0,005118
-0,004333
-0,007162
-0,006532
-0,006841
-0,007625
-0,007317
-0,006995
-0,005426
-0,004488
-0,005272
-0,004796
-0,002122
-0,003858
-0,004796
-0,003382
-0,005581
-0,003858
-0,003536
-0,003382
-0,001967
-0,000874
-0,003382
-0,001337
-0,002289
0,000231
-0,001504
-0,001029
-0,003382
-0,001029
0,003369
0,002752
0,00306
0,001646
0,0018
0,000231
0,001492
0,00369
0,002906
0,003215
0,001492
0,003999
0,003369
0,002906
0,002585
0,00369
0,002276
0,005581
0,00369
0,00369
0,004629
0,005735
0,005889
0,005259
0,003999
0,005735
0,005889
0,009027
0,005735
0,004951
0,010917
0,006828
0,006519
0,009811
0,009348
0,009978
0,008397
0,008088
0,008242
0,009978
0,009027
0,009348
0,008242
0,010763
0,007304
0,006365
0,006044
0,012486
0,008088
0,007934
0,008242
0,010287
0,009181
0,007767
0,007767
0,007137
0,010763
0,008242
0,006365
0,003369
0,007934
0,008873
0,008088
0,005414
0,006674
0,007137
0,005735
0,002276
0,004796
0,006828
0,006365
0,004951
0,006674
0,004629
0,004321
0,002122
0,005414
0,003369
0,005105
0,005105
0,006828
0,005259
0,006828
0,005414
0,004321
0,004475
0,003845
0,002276
0,004796
0,0018
0,005259
0,006982
0,004951
0,004951
0,007934
0,005889
0,007458
0,005581
0,006828
0,004796
0,004796
0,006365
0,008242
0,008718
0,007612
0,008551
0,008397
0,009181
0,007934
0,010763
0,012332
0,013746
0,010763
0,011547
0,01201
0,011547
0,011393
0,010917
0,009978
0,013116
0,009181
0,011071
0,012962
0,011226
0,010763
0,008242
0,006519
0,006365
0,007767
0,005735
0,006365
0,004475
0,005735
0,003845
0,005414
0,005105
0,00306
0,00369
0,002122
0,004166
0,0018
0,004321
0,002276
0,002585
0,004951
0,002906
0,004321
0,005105
0,00369
0,00117
0,002906
0,002585
0,003215
0,006211
0,006211
0,005735
0,002906
0,004321
0,005105
0,003999
0,005414
0,003215
0,005889
0,003536
0,004629
0,00369
0,004629
0,003215
0,001016
0,005735
0,005735
0,00369
0,002906
0,00054
-0,002752
-0,001029
7,7E-05
0,000707
-0,000244
0,001492
0,000231
-0,003858
-0,001337
0,001337
7,7E-05
-0,001659
-0,001504
0,001955
-0,001504
-0,000874
-0,000553
0,000231
-0,001183
-0,001183
-0,001337
0,00243
0,00306
0,001492
-0,002597
0,005105
0,0018
0,001646
0,004321
0,004796
0,001492
0,00243
0,001955
0,005735
0,004321
0,000386
0,006674
0,007137
0,001646
0,005889
0,004321
0,00054
0,003215
0,002122
0,00243
-9E-05
0,002585
0,004321
0,002752
0,000231
0,005735
0,005105
0,006211
0,00306
0,007767
0,005735
0,004475
0,004951
0,006982
0,005735
0,005889
0,005259
0,007137
0,007458
0,006828
0,006211
0,004166
0,003369
0,004796
0,005105
0,004629
0,00369
0,002752
-0,001029
0,000386
0,001492
0,001016
-0,001659
-0,000707
0,000386
-0,000707
-0,002597
0,000386
-0,001337
-0,003382
-0,000707
-0,005426
-0,003382
-0,003536
-0,005748
-0,002597
-0,005748
-0,003703
-0,001967
-0,005272
-0,003858
-0,001337
-0,005272
-0,005272
-0,002443
-0,002443
-0,004796
-0,005902
-0,002752
-0,002919
-0,002752
-0,000244
-0,001813
-0,002122
-0,002443
-0,002289
-0,000399
-0,002289
-0,002443
-0,002289
-0,001813
-0,004488
-0,002597
-0,003382
-0,004796
-0,003858
-0,002443
-0,002919
-0,006687
-0,004951
-0,003073
-0,003858
-0,004796
-0,002122
7,7E-05
-0,002919
-0,001659
-0,001967
-0,001183
0,00054
-0,000707
-0,000399
0,002585
0,003536
0,003845
0,002906
0,003536
0,005259
0,004796
0,005105
0,006044
0,005259
0,007767
0,009503
0,009657
0,008088
0,008718
0,008088
0,008088
0,010917
0,009978
0,009027
0,008873
0,007767
0,009027
0,008873
0,005735
0,005259
0,006982
0,008242
0,008088
0,006519
0,003999
0,004321
0,00306
0,0018
0,003536
-0,001029
0,0018
0,000862
0,003536
0,000231
0,005259
0,003999
0,002276
0,005105
0,003536
0,003369
0,002906
0,0018
0,002276
0,003999
-0,001337
0,004629
0,004166
0,003845
0,005414
0,004475
0,005735
0,004796
0,004475
0,004321
0,00117
0,004321
0,001646
0,001955
0,002122
0,002276
-0,000707
-0,000244
-0,001659
-0,000707
-0,001337
-0,001183
-0,003858
-0,003703
-0,003228
-0,001967
-0,005272
-0,004012
-0,004642
-0,003858
-0,006532
-0,004012
-0,008101
-0,007317
-0,005272
-0,003536
-0,006995
-0,004796
-0,004012
-0,006995
-0,003536
-0,004488
-0,001183
-0,001659
-0,002752
-0,003858
-0,005118
-0,003228
-0,001504
-0,000707
-0,001967
-0,004333
-0,003703
7,7E-05
-0,001029
-0,002597
-0,001813
-0,002289
-0,000874
0,00117
-0,000399
-0,003228
-0,004012
-0,005581
-0,005272
-0,002919
-0,003073
-0,003228
-0,002597
-0,003073
-0,002752
-0,004333
-0,005581
-0,007317
-0,001659
-0,003382
-0,003703
-0,003382
-0,003703
-0,003536
-0,002443
-0,003703
-0,003536
-0,001659
-0,001504
0,000707
0,000231
0,002906
0,002585
-9E-05
0,000386
0,002122
0,001646
0,004166
0,001955
0,004629
0,001492
0,005259
0,005735
0,004951
0,004321
0,003845
0,006828
0,005581
0,005105
0,006982
0,006982
0,008551
0,005259
0,006982
0,007304
0,008088
0,007137
0,006674
0,007934
0,006982
0,005259
0,009027
0,005414
0,005105
0,007612
0,008242
0,007304
0,006211
0,005735
0,00369
0,006982
0,001955
0,003536
0,006044
0,003845
0,00117
0,00117
0,003369
0,002122
-0,002919
-0,001504
-0,002443
-0,000244
-0,000399
-0,001504
-0,004796
-0,004333
-0,005902
-0,005272
-0,00904
-0,00841
-0,009194
-0,012653
-0,010146
-0,008731
-0,013283
-0,014543
-0,014698
-0,015803
-0,012499
-0,014067
-0,015803
-0,01943
-0,020535
-0,016742
-0,015958
-0,020214
-0,017372
-0,020535
-0,021165
-0,021796
-0,021487
-0,019751
-0,018169
-0,017064
-0,018015
-0,017218
-0,014852
-0,018169
-0,015958
-0,016909
-0,015019
-0,014852
-0,017848
-0,016279
-0,017218
-0,017539
-0,016742
-0,016433
-0,015019
-0,012499
-0,017372
-0,015803
-0,015482
-0,013129
-0,011084
-0,013283
-0,015328
-0,012023
-0,014852
-0,013129
-0,01093
-0,011393
-0,011239
-0,014067
-0,012023
-0,00904
-0,010146
-0,012653
-0,013437
-0,012499
-0,009194
-0,012653
-0,009361
-0,009824
-0,01093
-0,007471
-0,011239
-0,007471
-0,009515
-0,006532
-0,007947
-0,007947
-0,006995
-0,007625
-0,005118
-0,004166
-0,008255
-0,006056
-0,005272
-0,003073
-0,001967
-0,003073
-0,001967
-0,002122
-0,003073
-0,003858
-0,001183
-0,001813
-0,003073
-0,002443
-0,000244
0,000386
-9E-05
-0,003536
0,000231
-0,001659
-0,000707
-0,001659
-0,004333
-0,000874
-0,001029
0,00054
-0,001659
-0,001504
-0,003703
-0,002597
-0,002752
-0,004166
-0,004951
-0,001504
-0,001504
-0,003536
-0,004333
-0,004796
-0,004333
-0,005426
-0,004951
-0,007947
-0,00778
-0,006532
-0,007947
-0,006687
-0,006995
-0,008731
-0,010608
-0,01156
-0,00904
-0,014067
-0,012807
-0,012807
-0,011714
-0,012023
-0,014389
-0,016588
-0,013913
-0,014852
-0,014852
-0,014543
-0,013605
-0,013283
-0,014067
-0,013605
-0,014852
-0,015958
-0,017372
-0,014852
-0,015019
-0,015482
-0,014852
-0,014852
-0,014698
-0,016112
-0,016588
-0,012974
-0,014852
-0,014067
-0,011393
-0,014389
-0,010146
-0,011714
-0,013913
-0,01219
-0,014067
-0,00904
-0,01219
-0,006056
-0,009515
-0,009194
-0,007162
-0,007625
-0,006995
-0,005748
-0,007317
-0,005581
-0,004333
-0,002919
-0,005581
-0,002919
-0,001029
-0,004642
0,000231
-0,003703
-0,001967
-0,000553
0,000231
0,00243
0,000707
-0,000553
0,002122
-0,000244
0,003536
0,004475
0,005581
0,005105
0,006211
0,006519
0,006044
0,006519
0,009503
0,010287
0,011226
0,009027
0,009027
0,010133
0,012177
0,011071
0,010763
0,016253
0,012486
0,013116
0,01453
0,014055
0,014852
0,016575
0,015469
0,017192
0,019378
0,014852
0,016729
0,01579
0,018594
0,019224
0,017501
0,019069
0,019687
0,018439
0,017501
0,017501
0,017192
0,019224
0,018761
0,020625
0,020471
0,021564
0,020162
0,02204
0,021873
0,02078
0,019854
0,018131
0,020947
0,019687
0,021564
0,02141
0,020008
0,017346
0,019687
0,020625
0,020471
0,019532
0,017038
0,021255
0,018915
0,019069
0,020317
0,020471
0,018131
0,016099
0,016883
0,017346
0,017976
0,016883
0,014685
0,015315
0,014222
0,016408
0,013437
0,015636
0,016099
0,012332
0,013592
0,014055
0,01327
0,013116
0,011393
0,011856
0,010763
0,011071
0,009978
0,009811
0,010441
0,011856
0,008551
0,01201
0,009503
0,010763
0,01201
0,009181
0,009027
0,009027
0,004796
0,009657
0,011701
0,008873
0,008242
0,006211
0,013437
0,010133
0,011547
0,008397
0,013437
0,009181
0,009657
0,009657
0,009348
0,010917
0,008242
0,015006
0,009503
0,012962
0,011856
0,009657
0,010917
0,009978
0,01201
0,009348
0,008397
0,008551
0,006044
0,007612
0,004951
0,007137
0,008242
0,007137
0,006365
0,004629
0,005889
0,006674
0,006365
0,003369
0,005414
0,007767
0,005735
0,007458
0,005259
0,008088
0,004796
0,006828
0,005259
0,006519
0,007304
0,002276
0,011856
0,006674
0,009811
0,006211
0,005105
0,005735
0,006365
0,006365
0,006519
0,009027
0,007458
0,006674
0,005735
0,004629
0,006365
0,008088
0,005414
0,006519
0,004166
0,007458
0,004629
0,004796
0,003215
0,004321
0,003999
0,004475
0,004629
0,00243
0,003999
0,005259
0,001337
0,000707
0,000707
0,00306
0,001646
7,7E-05
-9E-05
0,003845
0,000231
-0,001967
0,002276
-0,001029
0,000231
7,7E-05
-0,000553
0,000862
-0,000874
-0,000244
0,000707
0,000707
-0,001029
-0,000399
0,000231
0,001492
-0,001183
-0,001183
-0,002919
-0,004166
0,000231
-0,001183
-0,001659
-0,003228
-0,004796
-0,003073
-0,005426
-0,001504
-0,004642
-0,005118
-0,003382
-0,004642
-0,006532
-0,003228
-0,003536
-0,00778
-0,003858
-0,005581
-0,004166
-0,003382
-0,007625
-0,004951
-0,006687
-0,004642
-0,002919
-0,001337
-0,001813
-0,005426
-0,003703
-0,005426
-0,004642
-0,001029
-0,004166
-0,006841
-0,003073
-0,003228
-0,004796
-0,005426
-0,001659
-0,002443
-0,003073
-0,001504
-0,003073
-0,004642
-0,002752
-0,002597
-0,002597
-0,001813
-0,003382
-0,001967
-0,002752
-0,001504
-0,001967
-0,003858
-0,003073
-0,002919
-0,002122
-0,005426
-0,000244
-9E-05
-0,000874
-0,001659
0,00054
-0,002443
0,00117
-0,003073
0,0018
0,002906
-0,001967
-0,000244
0,000862
-0,000874
0,003845
0,001955
0,002122
0,00054
0,001646
0,002906
0,002122
0,001492
0,00117
0,002752
0,002122
0,002122
0,003215
0,003369
0,002906
0,00369
0,00369
0,006674
0,001646
0,004166
0,0018
0,003215
0,004796
0,00243
0,00243
0,005259
0,003845
0,003999
0,004629
0,005735
0,005735
0,007767
0,003845
0,009181
0,003999
0,004951
0,005105
0,003999
0,005581
0,008397
0,002585
0,005889
0,006211
0,006211
0,006211
0,004796
0,007137
0,007304
0,006365
0,007767
0,007934
0,008397
0,005581
0,009027
0,008718
0,004166
0,007137
0,005581
0,007767
0,006982
0,005105
0,004796
0,007458
0,005889
0,006519
0,007137
0,005105
0,008242
0,005889
0,006519
0,006044
0,003999
0,007458
0,008088
0,003999
0,004951
0,006211
0,002906
0,006211
0,003999
0,005581
0,006365
0,002122
0,001955
0,005105
0,006674
0,005259
0,004166
0,004951
0,003369
0,001955
0,003215
0,005105
0,0018
0,002906
0,001646
0,002122
-0,000399
-0,000553
-0,002597
0,001646
-0,000707
0,00117
-0,001337
0,001492
-0,000553
-0,000874
-0,001183
-0,002597
-0,001504
-0,004796
-0,002919
-0,006841
-0,003382
-0,001659
-0,002752
-0,006841
-0,002597
-0,005272
-0,005426
-0,005426
-0,006365
-0,003703
-0,008255
-0,004642
-0,005118
-0,006056
-0,006532
-0,005581
-0,008885
-0,00778
-0,006687
-0,005426
-0,006687
-0,007947
-0,006056
-0,00841
-0,002122
-0,007162
-0,003536
-0,000874
-0,000707
-0,000399
0,000707
7,7E-05
-0,000244
-0,000553
0,000862
0,000862
0,0018
0,00117
-0,000553
0,000862
0,002906
-0,001504
-0,000244
-0,002443
0,002276
-0,001813
-0,001967
-0,001183
-0,003858
-0,002122
-0,007947
-0,004012
-0,004642
-0,006056
-0,005902
-0,005902
-0,006532
-0,006532
-0,008255
-0,006365
-0,005272
-0,005426
-0,007162
-0,006995
-0,006056
-0,004012
-0,006841
-0,005118
-0,005426
-0,004951
-0,002443
-0,003703
-0,004796
-0,004333
-0,002122
-0,000553
-0,001337
-0,003073
-0,000399
-0,001029
-0,001029
-0,002289
-9E-05
-0,001029
-0,000707
-0,001967
-0,000874
0,003536
7,7E-05
-0,000244
0,000862
0,001337
-0,000244
0,000862
0,000862
0,000707
0,001016
7,7E-05
0,001492
0,004629
0,00117
0,001955
0,002122
0,00306
0,000386
0,002585
0,000707
0,003536
0,00369
0,000707
0,002276
0,001492
0,00243
0,00117
0,00054
0,000386
-0,001337
-0,000399
0,00054
-0,004333
0,000386
-0,002289
-0,004166
-0,001659
-0,002289
-0,002289
-0,001183
-0,004488
-0,001967
-0,005748
-0,003228
-0,002289
-0,002122
-0,002752
-0,001029
-0,004012
-0,004951
-0,002919
-0,003228
-0,005118
-0,001337
-0,001029
-0,003858
-0,005902
-0,004012
-0,007625
-0,006841
-0,00904
-0,003703
-0,005902
-0,007625
-0,007317
-0,00967
-0,004951
-0,007162
-0,007317
-0,009361
-0,008255
-0,008101
-0,006211
-0,005272
-0,007625
-0,006841
-0,007317
-0,004642
-0,008731
-0,006365
-0,003536
-0,003858
-0,005272
-0,000874
-0,002443
-0,005748
-0,004166
-0,002597
-0,003228
-0,005118
-0,001967
-0,001337
-0,005118
-0,002752
-0,003073
-0,003382
-0,003703
-0,002752
-0,004488
-0,006056
-0,001967
-0,004642
-0,002122
-0,003228
-0,004796
-0,000553
-0,001813
-0,001813
-0,001967
0,000231
-0,002443
-0,000399
-0,001659
-0,004012
-0,002597
-0,000553
-0,000874
-0,002597
-0,000874
-0,002597
-0,002122
-0,006211
-0,003858
-0,006056
-0,004951
-0,004012
-0,002443
-0,002122
-0,002919
-0,003703
-0,003858
-0,001337
-0,004166
-0,001813
-0,001504
-0,000399
-0,001967
-0,001504
-0,002289
-0,001029
-0,004333
-9E-05
-0,004333
-0,003858
-0,004012
-0,003073
-0,005118
-0,004642
-0,004642
-0,005902
-0,005581
-0,005426
-0,008101
-0,007471
-0,008731
-0,005902
-0,008101
-0,005581
-0,007317
-0,005581
-0,007625
-0,007471
-0,006995
-0,00967
-0,005748
-0,005118
-0,006687
-0,006056
-0,004012
-0,004951
-0,002919
-0,004488
-0,005748
-0,001659
-0,005426
-0,00778
-0,005272
-0,009824
-0,008255
-0,005902
-0,00778
-0,006841
-0,009515
-0,009361
-0,006687
-0,010454
-0,008255
-0,008564
-0,012653
-0,006211
-0,007162
-0,009515
-0,006841
-0,008564
-0,006687
-0,007471
-0,006211
-0,004333
-0,003228
-0,006211
-0,004333
-0,002443
-0,003536
-0,002752
0,000386
0,000231
-0,001029
-0,001337
-0,000244
0,001016
0,000386
-9E-05
-9E-05
-0,000707
-0,000399
0,001016
-0,002919
0,00117
-9E-05
7,7E-05
-0,001029
-0,002752
0,000231
-0,002122
0,000707
0,00117
0,001337
-0,000553
-0,001183
-0,000244
-0,001337
-0,000874
-0,002752
-0,004333
-0,002597
-0,001337
-0,001337
-0,001659
-0,001504
0,000386
-0,000244
-0,002919
-0,004796
-0,001967
-0,004166
-0,004166
-0,003703
-0,000874
-0,000399
-0,003382
-0,004166
-0,000874
-0,003382
-0,001659
-0,001029
-0,004012
-0,002122
0,002276
-0,001029
0,004475
-0,001504
0,003999
0,002585
0,005735
0,00369
0,003999
0,007304
0,001955
0,004796
0,005581
0,00306
0,004475
0,004796
0,001955
0,003215
0,001646
0,00369
-0,000553
0,000862
-0,001504
-0,004796
-0,002752
-0,005272
-0,003382
-0,007471
-0,002919
-0,006365
-0,004333
-0,006841
-0,009824
-0,005118
-0,005272
-0,005118
-0,003858
-0,002289
-0,001337
-0,003382
-0,001029
0,000231
0,001492
0,001492
0,004166
0,00054
0,004475
0,004629
0,00369
0,007458
0,00369
0,005735
0,006674
0,006982
0,006982
0,005259
0,003845
0,004796
0,003845
0,004321
0,002906
0,003845
0,003845
0,001492
0,004166
0,003215
0,003536
0,0018
0,00117
0,001016
0,004475
0,003369
0,002752
0,005259
0,002906
0,004321
0,002122
0,004629
0,004475
0,005581
0,003999
0,007458
0,003845
0,005105
0,007137
0,007612
0,006982
0,006982
0,007304
0,008397
0,008873
0,008718
0,005581
0,009181
0,006828
0,006828
0,005414
0,006365
0,006674
0,003369
0,002752
0,002752
0,000386
0,003845
0,001646
-0,000553
0,000707
-0,000399
0,001955
-0,000244
-0,001813
-0,003382
-0,000399
-0,003382
-0,001504
-0,002122
-0,003703
0,000386
-9E-05
-0,003536
-0,001813
0,000707
-0,001183
0,001016
0,00117
-0,000553
-0,000399
0,000862
-0,000553
7,7E-05
-0,002597
0,00054
0,002122
7,7E-05
0,00117
-0,000399
-0,000399
-0,000874
-0,003228
-0,000553
-0,000553
7,7E-05
-0,002443
-0,001029
-0,001504
-0,003536
0,000386
-0,001029
0,000707
-0,003073
-0,000707
-0,001659
0,000386
-0,003703
7,7E-05
0,000231
-0,002289
0,001955
7,7E-05
0,002752
0,00369
0,001337
0,00369
0,003845
0,004629
0,004796
0,003369
0,003845
0,006519
0,004166
0,005581
0,004951
0,004166
0,004166
0,006211
0,006828
0,002585
0,005414
0,004166
0,003215
0,003369
0,003215
0,004951
0,006211
0,002585
0,002906
0,003215
0,0018
0,002906
0,000707
0,003536
0,002276
0,002122
0,004475
0,001337
0,000707
-0,000244
7,7E-05
0,000386
0,000386
0,00306
0,00243
-0,000874
0,00054
7,7E-05
7,7E-05
-0,002289
7,7E-05
0,0018
0,002122
0,002906
-0,001659
-0,002597
-0,002752
-0,000707
-0,003073
-0,001659
-0,003228
-0,002122
-0,000399
-0,001337
0,000707
-0,000874
-0,000707
-0,002752
-0,000553
-0,001504
-0,000553
-0,002752
0,000386
-0,001659
-0,000707
-0,001504
-0,003073
-0,001183
-0,001659
0,001337
-0,000707
-0,000399
-0,001183
0,000386
7,7E-05
-0,002289
-0,000874
-0,001183
0,001646
-0,000553
0,000231
0,000707
0,00243
-0,000399
0,003999
0,002122
-0,000874
0,002585
0,003215
0,001492
0,002906
0,000386
-9E-05
0,001492
0,00243
0,001016
0,0018
0,001492
0,002752
0,00306
0,001016
0,00054
0,00117
-0,000244
0,000862
0,001646
0,000231
0,000862
0,001646
-0,002289
-0,000707
-0,001659
0,00243
-0,000399
0,001337
0,000862
0,00243
-0,001183
0,003215
0,003536
0,006044
0,002752
0,0018
0,004629
0,006365
0,005259
0,006044
0,009027
0,004475
0,009978
0,009181
0,008718
0,009657
0,010441
0,009348
0,006674
0,008397
0,008718
0,010287
0,011226
0,007304
0,005259
0,009657
0,010441
0,010917
0,006211
0,008088
0,006982
0,007934
0,009503
0,008088
0,007137
0,006982
0,005105
0,009348
0,008873
0,007934
0,010133
0,007767
0,009181
0,006828
0,009027
0,006828
0,008873
0,008718
0,008397
0,008551
0,010133
0,011547
0,010763
0,012177
0,008873
0,011701
0,010917
0,01264
0,012332
0,008718
0,011856
0,012807
0,011226
0,011226
0,011071
0,011226
0,008397
0,011701
0,011856
0,011856
0,011856
0,008397
0,010441
0,010441
0,008088
0,008718
0,006828
0,008873
0,006519
0,005105
0,005414
0,006982
0,008088
0,007767
0,00369
0,008088
0,00369
0,005414
0,006044
0,005735
0,005735
0,005581
0,006365
0,008718
0,007934
0,007137
0,007304
0,006519
0,008088
0,008088
0,007137
0,006982
0,007934
0,007767
0,004951
0,004951
0,003999
0,002752
0,007458
0,005581
0,007304
0,005735
0,00306
0,006365
0,005414
0,00117
0,002585
0,002906
0,001492
-0,000553
0,001492
0,001492
0,001016
-0,001504
0,001955
0,000707
0,003536
0,001016
7,7E-05
0,000386
0,000707
0,001955
0,002585
0,00243
0,002122
0,003845
0,003369
0,00054
0,00054
0,003369
-0,000553
-0,001183
0,00117
0,00117
0,001337
0,000231
-0,001337
-0,000707
-0,002122
-0,002122
-0,002122
-0,001183
-0,002919
-0,004642
-0,003382
-0,003703
-0,004333
-0,001813
-9E-05
-0,004488
-0,001813
-0,005902
-0,002122
-0,004642
-0,003382
-0,005118
-0,001183
-0,005426
-0,003228
-0,007947
-0,001504
-0,004166
-0,006365
-0,008885
-0,005272
-0,006687
-0,008731
-0,008564
-0,011084
-0,004166
-0,00841
-0,010146
-0,009824
-0,00904
-0,01219
-0,011714
-0,0103
-0,010146
-0,0103
-0,01219
-0,012344
-0,009978
-0,014389
-0,009361
-0,007625
-0,012023
-0,00841
-0,009194
-0,009515
-0,00904
-0,010608
-0,00841
-0,008564
-0,010776
-0,00778
-0,00967
-0,009824
-0,006841
-0,003382
-0,005118
-0,009978
-0,008101
-0,00967
-0,009361
-0,009978
-0,0103
-0,010146
-0,010454
-0,007317
-0,011869
-0,011393
-0,012023
-0,008885
-0,009194
-0,00904
-0,008731
-0,011239
-0,0103
-0,00778
-0,01093
-0,008885
-0,007625
-0,007625
-0,005902
-0,0103
-0,010454
-0,008731
-0,008101
-0,00967
-0,008885
-0,009361
-0,01093
-0,00841
-0,008731
-0,010776
-0,008255
-0,010776
-0,009515
-0,006995
-0,006841
-0,007162
-0,00778
-0,007317
-0,00904
-0,004796
-0,005902
-0,004796
-0,005272
-0,005902
-0,004166
-0,003858
-0,006532
-0,006841
-0,005426
-0,006995
-0,003073
-0,004951
-0,006995
-0,005748
-0,006841
-0,004166
-0,007162
-0,005902
-0,008564
-0,004333
-0,00778
-0,006532
-0,008255
-0,006841
-0,008255
-0,008885
-0,007471
-0,007947
-0,008885
-0,008564
-0,009361
-0,008731
-0,010146
-0,00967
-0,008255
-0,008731
-0,00967
-0,010146
-0,007162
-0,004951
-0,00841
-0,007947
-0,007317
-0,00904
-0,007162
-0,007471
-0,008101
-0,008731
-0,006365
-0,008255
-0,005426
-0,006841
-0,010776
-0,006841
-0,005272
-0,006687
-0,006365
-0,008564
-0,007317
-0,007625
-0,007317
-0,005426
-0,005748
-0,008731
-0,006687
-0,006687
-0,005118
-0,004796
-0,005426
-0,002443
-0,007947
-0,003382
-0,004012
-0,000707
-0,005581
-0,005426
-0,003536
-0,001029
-0,002597
0,001016
