0,006047
0,007601
0,006776
0,00475
0,004609
0,005478
0,000748
0,004136
0,001432
-0,001637
-0,003874
-0,007575
-0,007371
-0,012472
-0,01641
-0,019159
-0,023723
-0,029144
-0,036278
-0,042677
-0,05272
-0,059611
-0,06376
-0,062808
-0,066132
-0,067532
-0,073311
-0,078904
-0,084299
-0,084696
-0,084996
-0,080253
-0,065058
-0,0482
-0,027891
-0,013463
0,004699
0,020923
0,032743
0,049626
0,064271
0,077715
0,091741
0,102665
0,112561
0,122757
0,129725
0,131113
0,133842
0,131854
0,129828
0,128997
0,12401
0,120705
0,115726
0,10776
0,100856
0,089772
0,078565
0,064252
0,042262
0,026817
0,008649
-0,0073
-0,022994
-0,031912
-0,040229
-0,046168
-0,052515
-0,052726
-0,050892
-0,045611
-0,036572
-0,029157
-0,020955
-0,016103
-0,01414
-0,016212
-0,021556
-0,032001
-0,041162
-0,049102
-0,058691
-0,068567
-0,075689
-0,081231
-0,082094
-0,082669
-0,080777
-0,077913
-0,073496
-0,071757
-0,067129
-0,063108
-0,060621
-0,053583
-0,054133
-0,049044
-0,042447
-0,038177
-0,032308
-0,025072
-0,014614
-0,005913
0,006367
0,017439
0,027846
0,038369
0,04829
0,056971
0,064227
0,069539
0,073323
0,075126
0,075925
0,071143
0,067787
0,057745
0,047721
0,037179
0,030544
0,019983
0,015413
0,013118
0,010113
0,011341
0,015617
0,019363
0,026894
0,032628
0,036304
0,040382
0,042562
0,043968
0,046123
0,04301
0,03647
0,029809
0,018091
0,012357
0,001157
-0,012223
-0,017439
-0,029329
-0,035741
-0,039692
-0,041635
-0,041667
-0,040823
-0,038842
-0,035505
-0,035025
-0,033817
-0,031778
-0,030921
-0,031592
-0,032276
-0,035664
-0,040421
-0,046468
-0,048699
-0,053295
-0,059471
-0,062015
-0,062833
-0,066675
-0,068491
-0,064246
-0,06337
-0,057898
-0,052822
-0,049325
-0,044927
-0,038324
-0,035888
-0,031362
-0,029738
-0,026958
-0,023333
-0,02247
-0,019325
-0,016122
-0,015438
-0,011999
-0,01088
-0,006846
-0,002595
0,002071
0,005689
0,009442
0,011807
0,013143
0,015975
0,019414
0,017919
0,022783
0,023186
0,026139
0,026152
0,029048
0,032954
0,035524
0,038452
0,042856
0,046091
0,050112
0,05598
0,060404
0,0647
0,067755
0,069878
0,073541
0,074973
0,07675
0,078041
0,077913
0,076846
0,077709
0,076628
0,077932
0,076571
0,078265
0,0787
0,0793
0,080911
0,077485
0,075887
0,076922
0,074723
0,068612
0,064936
0,065761
0,058684
0,055501
0,049997
0,047868
0,044224
0,03771
0,036137
0,031938
0,030691
0,026644
0,0269
0,025788
0,02488
0,023256
0,022253
0,023033
0,018807
0,018935
0,013961
0,010535
0,006648
0,000198
-0,006489
-0,012395
-0,016512
-0,021677
-0,029988
-0,032142
-0,033427
-0,035594
-0,035313
-0,03282
-0,032852
-0,029157
-0,02598
-0,021978
-0,020028
-0,015003
-0,013859
-0,014064
-0,0115
-0,016327
-0,016263
-0,019063
-0,022323
-0,024426
-0,028549
-0,034757
-0,035895
-0,037512
-0,042453
-0,044544
-0,045062
-0,045624
-0,043272
-0,044736
-0,043662
-0,045452
-0,046423
-0,04595
-0,047951
-0,049472
-0,054395
-0,057284
-0,061408
-0,066106
-0,068625
-0,074116
-0,074877
-0,078866
-0,080624
-0,082478
-0,085099
-0,082215
-0,086594
-0,086984
-0,087387
-0,087796
-0,089036
-0,09261
-0,090206
-0,089791
-0,090456
-0,092687
-0,089235
-0,086927
-0,087732
-0,088026
-0,086204
-0,085348
-0,082944
-0,078789
-0,07528
-0,074915
-0,072646
-0,068081
-0,066362
-0,060353
-0,056703
-0,054695
-0,04985
-0,043508
-0,038132
-0,03553
-0,029949
-0,022067
-0,01733
-0,009972
-0,006674
0,00131
0,003663
0,004289
0,011225
0,015387
0,018398
0,021032
0,025232
0,03009
0,03204
0,035569
0,039008
0,041852
0,04246
0,045918
0,049613
0,050994
0,054714
0,054651
0,057617
0,059892
0,061721
0,061951
0,063798
0,065326
0,063089
0,066164
0,066336
0,067653
0,065307
0,068113
0,069462
0,071239
0,07037
0,072991
0,072646
0,071182
0,070185
0,070185
0,07021
0,070236
0,07014
0,070089
0,06796
0,066049
0,064623
0,063504
0,060065
0,061523
0,059272
0,057745
0,057777
0,056914
0,054938
0,05605
0,056044
0,052637
0,054491
0,05272
0,054695
0,052356
0,049837
0,046097
0,043189
0,03879
0,037998
0,035779
0,032935
0,032692
0,03133
0,025532
0,026223
0,022854
0,02091
0,019459
0,019702
0,017516
0,014332
0,01205
0,011532
0,012485
0,009404
0,006182
0,0028
0,004686
0,000447
-0,000134
9,6E-05
-0,002448
-0,005261
-0,005952
-0,008368
-0,009429
-0,009889
-0,008419
-0,011647
-0,011909
-0,012555
-0,012012
-0,013591
-0,013431
-0,012945
-0,016506
-0,01501
-0,016378
-0,018564
-0,01898
-0,019402
-0,021748
-0,021754
-0,022758
-0,023474
-0,024311
-0,024426
-0,023448
-0,02107
-0,022118
-0,02279
-0,021447
-0,022572
-0,021511
-0,022061
-0,020725
-0,022809
-0,021658
-0,022643
-0,0196
-0,022707
-0,023474
-0,02295
-0,023455
-0,023423
-0,023039
-0,021243
-0,021965
-0,015854
-0,016582
-0,01733
-0,011954
-0,013738
-0,009007
-0,007518
-0,003152
0,004034
0,011027
0,015745
0,015349
0,011053
-0,003171
-0,025507
-0,056006
-0,070702
-0,07441
-0,067027
-0,056261
-0,051269
-0,047536
-0,046276
-0,039225
-0,03018
-0,021639
-0,009455
-0,00498
0,009953
0,012536
0,013725
0,00957
0,004488
-0,000403
-0,00553
-0,014607
-0,017791
-0,022815
-0,022502
-0,026414
-0,025091
-0,024497
-0,024701
-0,02192
-0,015828
-0,008317
0,000671
0,00762
0,01462
0,018513
0,017906
0,017816
0,018551
0,018475
0,018078
0,018909
0,018475
0,020623
0,01586
0,016308
0,014959
0,011718
0,011526
0,010695
0,013009
0,014492
0,016167
0,018379
0,017695
0,017752
0,015841
0,014083
0,011858
0,010369
0,00716
0,007204
0,006731
0,006188
0,005907
0,005383
0,006162
0,006252
0,004647
0,005856
0,007959
0,008489
0,011615
0,014479
0,011021
0,012747
0,014639
0,011468
0,011999
0,009832
0,010893
0,007543
0,010311
0,007735
0,006891
0,004296
0,003861
0,005952
0,006194
0,006987
0,005798
0,005926
0,006699
0,002736
0,002679
-0,000569
0,002218
-0,000403
-0,000818
-0,001285
-0,003644
-0,002826
-0,003676
-0,002909
-0,000965
-0,00055
0,001266
3,8E-05
0,002621
0,002774
0,004584
0,003701
0,002595
0,005037
0,003094
0,002078
-0,00032
-0,001253
-0,001515
-0,002346
-0,002998
-0,002921
-0,004194
-0,007006
-0,005389
-0,003791
-0,002372
-0,000972
-0,004405
-0,002033
-0,001068
-0,001355
-0,004679
-0,003196
-0,006278
-0,007102
-0,011494
-0,015457
-0,017222
-0,019095
-0,022285
-0,024311
-0,027386
-0,028786
-0,029873
-0,02977
-0,030263
-0,030474
-0,031337
-0,0325
-0,0325
-0,03383
-0,034149
-0,033031
-0,031362
-0,032813
-0,033306
-0,034194
-0,033791
-0,030825
-0,032475
-0,032781
-0,030608
-0,034399
-0,031663
-0,034213
-0,03601
-0,035204
-0,037301
-0,035102
-0,034776
-0,036297
-0,036457
-0,033095
-0,032896
-0,030512
-0,026363
-0,022617
-0,020392
-0,01501
-0,009653
-0,007556
-0,0028
0,001336
0,001918
0,004066
0,004098
0,006137
0,007499
0,010618
0,007869
0,011583
0,015144
0,013418
0,013629
0,013488
0,014383
0,016953
0,014575
0,015087
0,015144
0,013035
0,01033
0,010017
0,007268
0,007812
0,007243
0,005587
0,005734
0,007972
0,005836
0,009001
0,010951
0,012939
0,014045
0,015879
0,019868
0,023301
0,022387
0,023851
0,025129
0,025641
0,02355
0,026958
0,022106
0,019561
0,0185
0,017893
0,017362
0,015016
0,016742
0,018181
0,017631
0,02038
0,019804
0,020309
0,023531
0,024036
0,025308
0,023141
0,024663
0,02598
0,028096
0,028262
0,028396
0,029419
0,029553
0,031324
0,031439
0,033427
0,034648
0,031944
0,032877
0,034801
0,034431
0,034162
0,036131
0,03523
0,036943
0,03328
0,034411
0,033024
0,031017
0,03041
0,028351
0,023851
0,02472
0,02217
0,019996
0,019728
0,017356
0,014518
0,011993
0,0143
0,010714
0,010893
0,008758
0,006559
0,00654
0,003318
0,000505
-0,00179
-0,002653
-0,006757
-0,006744
-0,006674
-0,010618
-0,008649
-0,01026
-0,011615
-0,014051
-0,011142
-0,014972
-0,013572
-0,016052
-0,016014
-0,019849
-0,02231
-0,021211
-0,021639
-0,02582
-0,026446
-0,027546
-0,025436
-0,027015
-0,027252
-0,027987
-0,02628
-0,023186
-0,022809
-0,022125
-0,02286
-0,020981
-0,020367
-0,019223
-0,019939
-0,020936
-0,023493
-0,023212
-0,022879
-0,023384
-0,023237
-0,024164
-0,023864
-0,025596
-0,025347
-0,023263
-0,022099
-0,024139
-0,022924
-0,021562
-0,024618
-0,02536
-0,022444
-0,023538
-0,024893
-0,024228
-0,02543
-0,024676
-0,024445
-0,023825
-0,023653
-0,023186
-0,021844
-0,019408
-0,019708
-0,017778
-0,018353
-0,017771
-0,012408
-0,013584
-0,011865
-0,010305
-0,008425
-0,00654
-0,003925
-0,002973
-0,002787
0,001272
0,001739
0,00257
0,007045
0,007243
0,010458
0,011213
0,010586
0,019606
0,018251
0,020802
0,021613
0,024938
0,026216
0,030077
0,031369
0,035057
0,034827
0,035236
0,037211
0,039698
0,042274
0,0437
0,045554
0,047702
0,047478
0,050176
0,051103
0,053404
0,053282
0,054043
0,055053
0,057112
0,056038
0,056492
0,059988
0,060155
0,061005
0,059458
0,059637
0,057425
0,054989
0,054344
0,052752
0,053883
0,049696
0,050706
0,049134
0,048514
0,048546
0,049799
0,048616
0,052471
0,048245
0,049939
0,048507
0,047305
0,045969
0,040114
0,039781
0,034987
0,031522
0,028549
0,028255
0,029272
0,025992
0,021908
0,020961
0,021006
0,019753
0,015643
0,016237
0,013028
0,009838
0,010004
0,005728
0,004219
7E-05
-0,003005
-0,005626
-0,007057
-0,009205
-0,012172
-0,014441
-0,013456
-0,014153
-0,013348
-0,012549
-0,011168
-0,008387
-0,010772
-0,010669
-0,012229
-0,013987
-0,014013
-0,017516
-0,01937
-0,021294
-0,024899
-0,02901
-0,031369
-0,03358
-0,032506
-0,03383
-0,032628
-0,034559
-0,033107
-0,032097
-0,030857
-0,032276
-0,027226
-0,027533
-0,028492
-0,028486
-0,029949
-0,031893
-0,032551
-0,034769
-0,032833
-0,033887
-0,034475
-0,036157
-0,036502
-0,034552
-0,034757
-0,034169
-0,034616
-0,033791
-0,033408
-0,033574
-0,033414
-0,033095
-0,033791
-0,037109
-0,036112
-0,038752
-0,040395
-0,041124
-0,041705
-0,041456
-0,044518
-0,043393
-0,042856
-0,044403
-0,043214
-0,042166
-0,043316
-0,041322
-0,038074
-0,037358
-0,037122
-0,037416
-0,035441
-0,034437
-0,036873
-0,034603
-0,034674
-0,032059
-0,031004
-0,029003
-0,027252
-0,026044
-0,024426
-0,023052
-0,019517
-0,02013
-0,016193
-0,012299
-0,011673
-0,011532
-0,010804
-0,009762
-0,008566
-0,009512
-0,00652
-0,005427
-0,006367
-0,004449
-0,002845
-0,001144
9,6E-05
0,000697
0,004373
0,003573
0,004858
0,005728
0,007288
0,008112
0,011379
0,012613
0,00973
0,010951
0,011341
0,010068
0,010337
0,010088
0,012977
0,012932
0,01329
0,012466
0,015221
0,018046
0,015994
0,019376
0,018289
0,0213
0,022771
0,02139
0,02077
0,023691
0,022253
0,020194
0,020552
0,024644
0,021185
0,021032
0,025034
0,021402
0,021709
0,022118
0,024918
0,026453
0,027789
0,028358
0,028556
0,028262
0,026753
0,025705
0,028332
0,028933
0,029547
0,031503
0,029361
0,031011
0,026894
0,027661
0,026779
0,026063
0,023736
0,023512
0,022822
0,022943
0,020431
0,020424
0,021051
0,020808
0,020802
0,018251
0,019728
0,019242
0,020092
0,017158
0,019542
0,015144
0,014096
0,011635
0,010554
0,009563
0,008975
0,006156
0,003784
0,005114
0,001982
0,004123
0,002237
0,004647
0,004277
0,003714
0,003426
0,004948
0,003273
0,002122
-0,000895
-0,002071
-0,002378
-0,003375
-0,008163
-0,006214
-0,009832
-0,010778
-0,009512
-0,010746
-0,009921
-0,010401
-0,007927
-0,006405
-0,005683
-0,005587
-0,003593
-0,005274
-0,005753
-0,006099
-0,006258
-0,007492
-0,005683
-0,007217
-0,008349
-0,008451
-0,010784
-0,012485
-0,012082
-0,014524
-0,015534
-0,014761
-0,016877
-0,017139
-0,018117
-0,015924
-0,015182
-0,018686
-0,018046
-0,017516
-0,018692
-0,015803
-0,019082
-0,018909
-0,019836
-0,018992
-0,018973
-0,019625
-0,019951
-0,017938
-0,016065
-0,014767
-0,015189
-0,014594
-0,014006
-0,011986
-0,011941
-0,013015
-0,011193
-0,010829
-0,010446
-0,011353
-0,0098
-0,00856
-0,008119
-0,006623
-0,005689
-0,004667
-0,003772
-0,001579
-0,000965
-0,000268
-0,000889
0,001036
0,001656
0,001221
0,005383
0,002551
0,004232
0,006258
0,005287
0,009749
0,010254
0,012025
0,013028
0,013399
0,015342
0,014927
0,016723
0,01648
0,014057
0,014211
0,016506
0,015317
0,014537
0,012804
0,014799
0,013386
0,013309
0,013252
0,014032
0,014876
0,013789
0,015157
0,01547
0,012881
0,012958
0,012082
0,013584
0,011072
0,010107
0,006757
0,007511
0,005964
0,00629
0,00388
0,005427
0,006067
0,003759
0,003983
0,003868
0,002653
0,005568
0,005268
0,005888
0,005952
0,007786
0,007045
0,007332
0,005447
0,004929
0,005741
0,005721
0,004168
0,00271
0,00101
-0,000556
0,000767
-0,000499
-0,001432
-0,002129
-0,0028
-0,003478
-0,003254
-0,002985
-0,00271
-0,006341
-0,005057
-0,003401
-0,004289
-0,005184
-0,004334
-0,006591
-0,007805
-0,007383
-0,007166
-0,008886
-0,009397
-0,010228
-0,011449
-0,012459
-0,010279
-0,01345
-0,009046
-0,010778
-0,008304
-0,008176
-0,008195
-0,007499
-0,008656
-0,00932
-0,010708
-0,010631
-0,009896
-0,013488
-0,014588
-0,016372
-0,018481
-0,017861
-0,021134
-0,020239
-0,018321
-0,020162
-0,018711
-0,020322
-0,018366
-0,017612
-0,018091
-0,015157
-0,016282
-0,017995
-0,015016
-0,013207
-0,013194
-0,011814
-0,0129
-0,012453
-0,01214
-0,012063
-0,011647
-0,010056
-0,009583
-0,00948
-0,010254
-0,008886
-0,008528
-0,007844
-0,007946
-0,008119
-0,008387
-0,007697
-0,007134
-0,00785
-0,006693
-0,00615
-0,008937
-0,00661
-0,007377
-0,00652
-0,003254
-0,002685
-0,001899
0,001029
0,000192
0,001553
0,000857
0,001048
0,003701
0,002717
0,002512
