0,00778
0,005747
0,006124
0,00553
0,004245
0,006367
0,003407
0,005293
-3,8E-05
-0,001068
-0,003542
-0,005427
-0,009161
-0,012881
-0,01251
-0,018059
-0,023237
-0,029278
-0,037812
-0,044768
-0,052835
-0,057834
-0,06298
-0,065435
-0,065397
-0,068286
-0,074902
-0,07907
-0,083724
-0,08692
-0,08529
-0,079633
-0,064693
-0,050834
-0,03016
-0,012843
0,001796
0,020028
0,035543
0,049102
0,063984
0,076801
0,090277
0,104487
0,113386
0,122796
0,128639
0,13211
0,132736
0,132193
0,131164
0,126734
0,123812
0,119919
0,114594
0,11033
0,101093
0,09043
0,076053
0,062066
0,04602
0,030576
0,01026
-0,00771
-0,021511
-0,028083
-0,040842
-0,047638
-0,050489
-0,051991
-0,049856
-0,04393
-0,035984
-0,028396
-0,019076
-0,015342
-0,014741
-0,018788
-0,022195
-0,029617
-0,041117
-0,048079
-0,058735
-0,066266
-0,072543
-0,080867
-0,081832
-0,081423
-0,079224
-0,076353
-0,071604
-0,071022
-0,06617
-0,064661
-0,059324
-0,056773
-0,05334
-0,047555
-0,042894
-0,038643
-0,030199
-0,025468
-0,015291
-0,004858
0,004846
0,015643
0,024848
0,037135
0,048207
0,054363
0,06408
0,070881
0,073381
0,074461
0,07333
0,072454
0,065633
0,058831
0,047778
0,040056
0,029291
0,018788
0,015125
0,011149
0,01182
0,012261
0,015406
0,017324
0,0255
0,029611
0,035664
0,038579
0,044231
0,043719
0,044314
0,041533
0,035083
0,028946
0,020808
0,014051
0,00094
-0,010375
-0,019785
-0,029898
-0,033913
-0,038637
-0,041137
-0,042479
-0,041821
-0,038784
-0,037275
-0,036502
-0,032884
-0,029905
-0,029317
-0,030896
-0,031663
-0,035511
-0,040254
-0,043732
-0,048987
-0,052221
-0,057725
-0,061478
-0,065147
-0,066579
-0,067417
-0,065301
-0,062705
-0,060487
-0,054197
-0,050585
-0,044071
-0,040926
-0,036534
-0,033689
-0,029515
-0,025743
-0,023288
-0,022847
-0,019702
-0,018123
-0,016237
-0,014307
-0,010062
-0,007224
-0,003554
0,000422
0,002953
0,006412
0,009985
0,013603
0,013712
0,016544
0,018884
0,020233
0,021946
0,024707
0,026849
0,028633
0,030806
0,035453
0,037832
0,041373
0,046871
0,050086
0,054983
0,060423
0,065326
0,068542
0,070319
0,07262
0,074953
0,075874
0,077248
0,077415
0,078246
0,079006
0,080534
0,081736
0,078706
0,080227
0,08047
0,080975
0,079774
0,080637
0,079697
0,079531
0,076072
0,073202
0,069769
0,064323
0,06064
0,058026
0,054011
0,049332
0,045279
0,042185
0,035939
0,033261
0,030116
0,030896
0,027488
0,026549
0,025928
0,025711
0,026465
0,024139
0,022131
0,019619
0,016288
0,011718
0,007652
0,003081
-0,003593
-0,009583
-0,015106
-0,023365
-0,029029
-0,032168
-0,033919
-0,036022
-0,036591
-0,033702
-0,030544
-0,028517
-0,024733
-0,020917
-0,015828
-0,01563
-0,013821
-0,012549
-0,014716
-0,01315
-0,016793
-0,016934
-0,019459
-0,024062
-0,027322
-0,031369
-0,036809
-0,040312
-0,041648
-0,043259
-0,045739
-0,043885
-0,045541
-0,045087
-0,046295
-0,045586
-0,045311
-0,046219
-0,05093
-0,051876
-0,054139
-0,058895
-0,065838
-0,067596
-0,069993
-0,072735
-0,077453
-0,080055
-0,083456
-0,084248
-0,08593
-0,086352
-0,090826
-0,091082
-0,091184
-0,091261
-0,092412
-0,092156
-0,092508
-0,095429
-0,09433
-0,094521
-0,092712
-0,094112
-0,092386
-0,090353
-0,0891
-0,086396
-0,084216
-0,08109
-0,078827
-0,076718
-0,075964
-0,072
-0,066688
-0,06461
-0,060973
-0,05715
-0,053404
-0,046596
-0,03996
-0,035677
-0,029444
-0,025129
-0,019197
-0,012204
-0,007614
-0,005939
0,000205
0,002122
0,008272
0,012165
0,015093
0,020533
0,024075
0,028594
0,031375
0,033235
0,036655
0,040459
0,043029
0,046436
0,051697
0,050719
0,053468
0,053474
0,057137
0,058499
0,060391
0,060998
0,060455
0,06305
0,065166
0,063945
0,066132
0,067596
0,067091
0,068682
0,069494
0,069712
0,070549
0,072147
0,072403
0,072927
0,07425
0,070971
0,072128
0,070236
0,069775
0,069162
0,068989
0,067346
0,063581
0,061976
0,060864
0,060928
0,060289
0,059343
0,060487
0,057936
0,058461
0,057572
0,056325
0,057444
0,056485
0,055245
0,052567
0,051774
0,051806
0,049613
0,047996
0,045068
0,041565
0,036732
0,034546
0,033344
0,030218
0,029496
0,026299
0,025596
0,022783
0,022042
0,020904
0,018187
0,017298
0,014761
0,012632
0,009678
0,008362
0,008739
0,006604
0,006099
0,004488
0,00094
-0,000294
-0,00186
-0,002666
-0,005785
-0,007511
-0,007435
-0,008688
-0,009141
-0,00918
-0,010669
-0,010036
-0,012491
-0,011743
-0,011385
-0,013239
-0,014256
-0,015956
-0,016154
-0,016908
-0,020156
-0,0185
-0,022246
-0,022598
-0,023013
-0,023582
-0,026024
-0,02279
-0,024995
-0,023435
-0,022547
-0,0227
-0,022988
-0,022892
-0,022374
-0,02217
-0,021466
-0,021025
-0,023729
-0,022866
-0,022994
-0,02224
-0,022777
-0,022457
-0,022349
-0,02247
-0,019625
-0,020437
-0,01905
-0,017893
-0,015611
-0,013067
-0,010835
-0,007978
-0,002858
-0,00046
0,003375
0,005152
0,004788
0,00195
-0,005817
-0,016704
-0,031771
-0,046506
-0,058524
-0,064975
-0,064463
-0,057629
-0,052023
-0,042926
-0,033338
-0,026855
-0,019983
-0,013009
-0,009774
-0,003689
-0,000467
0,001624
-0,001061
-0,006201
-0,011456
-0,017669
-0,022879
-0,026951
-0,028236
-0,026644
-0,025257
-0,019306
-0,018257
-0,012811
-0,007773
-0,003343
0,003049
0,007383
0,012389
0,017407
0,019101
0,017388
0,017439
0,012325
0,008541
0,007786
0,004347
0,002647
0,003714
0,004488
0,006431
0,010586
0,012018
0,014671
0,017292
0,019798
0,02114
0,024087
0,022886
0,025558
0,025583
0,022809
0,019894
0,017017
0,012932
0,00918
0,006182
0,006699
0,003273
0,002154
0,002704
0,003631
0,00271
0,004999
0,003874
0,007083
0,006239
0,00831
0,007773
0,009218
0,008246
0,00746
0,006706
0,006616
0,006955
0,005005
0,006131
0,007735
0,0059
0,003836
0,00397
0,006003
0,00691
0,005632
0,006054
0,007332
0,009148
0,008681
0,009212
0,007671
0,005485
0,006373
0,006201
0,003912
0,004615
0,003088
0,003599
0,002634
0,00179
0,003152
0,002838
0,004091
0,002269
0,00312
0,005255
0,006182
0,004731
0,005824
0,003017
0,004315
0,003746
0,002442
0,001624
0,00133
0,000665
-0,000748
-0,000262
0,000563
0,001982
-0,000224
5,1E-05
0,000147
-0,000786
-0,003976
-0,003286
-0,00466
-0,006751
-0,009148
-0,010835
-0,011596
-0,014089
-0,016129
-0,016141
-0,01719
-0,019862
-0,020629
-0,021396
-0,024011
-0,025257
-0,026721
-0,026632
-0,028089
-0,02729
-0,030352
-0,028217
-0,030288
-0,031803
-0,031759
-0,03204
-0,031969
-0,03296
-0,034878
-0,034009
-0,033836
-0,033222
-0,03195
-0,031989
-0,032634
-0,031969
-0,031311
-0,033926
-0,032372
-0,032033
-0,031886
-0,032455
-0,030333
-0,030659
-0,030039
-0,029924
-0,029195
-0,026389
-0,028441
-0,02566
-0,022719
-0,020623
-0,019504
-0,013821
-0,010835
-0,00762
-0,004526
-0,000288
0,000889
0,00186
0,005434
0,007032
0,006962
0,009205
0,007857
0,008835
0,010535
0,01088
0,009512
0,011193
0,009282
0,006994
0,007268
0,007153
0,005434
0,003899
0,004226
0,004443
0,002679
0,001892
0,002436
0,00264
0,004091
0,003631
0,005236
0,006668
0,006278
0,010088
0,012319
0,011571
0,015112
0,018372
0,018206
0,022521
0,025385
0,024509
0,025679
0,028025
0,028038
0,02628
0,025596
0,025308
0,025398
0,024656
0,023135
0,025379
0,023896
0,02364
0,025909
0,02504
0,026005
0,023768
0,026165
0,027233
0,026459
0,025558
0,029438
0,029917
0,032027
0,032372
0,031541
0,033817
0,035722
0,038394
0,036323
0,037448
0,037921
0,038816
0,036655
0,038765
0,0367
0,036118
0,03344
0,030192
0,030685
0,028473
0,027763
0,025845
0,024452
0,02015
0,018845
0,017957
0,018027
0,014441
0,015374
0,012178
0,011929
0,011059
0,012587
0,010656
0,010011
0,006041
0,0059
0,005044
0,003017
0,001752
0,0014
-0,00133
-0,000332
-0,001707
-0,004462
-0,004571
-0,006757
-0,007684
-0,008892
-0,008604
-0,01159
-0,010049
-0,011232
-0,013469
-0,014498
-0,016493
-0,017458
-0,019747
-0,019632
-0,023065
-0,020539
-0,024465
-0,025072
-0,020987
-0,024228
-0,02371
-0,024739
-0,022131
-0,023595
-0,02254
-0,023531
-0,02295
-0,023397
-0,024119
-0,02472
-0,024343
-0,025718
-0,02472
-0,027712
-0,026018
-0,026734
-0,02885
-0,026427
-0,027865
-0,027258
-0,027226
-0,027181
-0,02697
-0,027117
-0,024989
-0,026331
-0,027111
-0,027488
-0,027559
-0,027105
-0,026568
-0,025775
-0,026325
-0,025698
-0,025833
-0,026159
-0,024663
-0,025308
-0,022195
-0,021722
-0,022003
-0,020942
-0,017535
-0,018513
-0,014594
-0,014249
-0,011609
-0,010695
-0,007844
-0,004392
-0,003005
0,000972
0,001336
0,00374
0,005632
0,008649
0,008125
0,011865
0,013501
0,013578
0,017241
0,021377
0,021697
0,024497
0,026197
0,030934
0,033542
0,036003
0,039059
0,039366
0,042345
0,044179
0,044863
0,045132
0,048296
0,050329
0,04962
0,050566
0,051684
0,054069
0,053826
0,057086
0,056977
0,058275
0,059816
0,059534
0,059912
0,061133
0,061158
0,061235
0,061721
0,061324
0,060557
0,059394
0,058147
0,057048
0,054286
0,054286
0,050975
0,049696
0,051486
0,048699
0,046864
0,048379
0,049319
0,047702
0,045624
0,046078
0,045094
0,041405
0,040031
0,037013
0,03702
0,034897
0,031311
0,028249
0,026101
0,023602
0,019568
0,018174
0,01788
0,015099
0,013073
0,010382
0,009806
0,008016
0,004973
0,003439
0,002346
-0,001387
-0,002154
-0,00397
-0,005261
-0,007173
-0,008732
-0,009314
-0,010113
-0,010036
-0,00973
-0,008585
-0,010126
-0,011302
-0,011801
-0,011053
-0,012542
-0,014556
-0,014204
-0,017139
-0,01811
-0,019939
-0,022048
-0,025468
-0,025897
-0,027501
-0,029201
-0,029623
-0,028262
-0,028287
-0,027814
-0,027642
-0,028134
-0,027987
-0,02768
-0,029061
-0,030442
-0,030844
-0,032685
-0,033254
-0,035466
-0,037665
-0,038918
-0,039947
-0,040408
-0,040299
-0,040069
-0,040683
-0,041456
-0,038369
-0,038874
-0,037991
-0,037339
-0,037371
-0,03803
-0,038937
-0,038158
-0,039366
-0,039986
-0,040152
-0,041124
-0,042498
-0,043898
-0,041552
-0,04542
-0,043489
-0,042044
-0,042281
-0,043412
-0,039653
-0,037608
-0,037851
-0,036591
-0,037211
-0,03601
-0,033369
-0,034712
-0,03514
-0,031266
-0,030678
-0,029745
-0,03119
-0,030902
-0,027795
-0,027002
-0,023391
-0,020373
-0,020533
-0,017439
-0,015278
-0,013418
-0,014006
-0,011117
-0,01012
-0,009877
-0,009704
-0,009883
-0,008758
-0,006808
-0,006265
-0,005363
-0,004897
-0,005798
-0,003503
-0,002819
-0,002225
-0,001157
0,001605
0,001451
0,003701
0,005536
0,007134
0,008668
0,008355
0,007793
0,008317
0,007844
0,008662
0,011353
0,010151
0,010727
0,010637
0,012804
0,013009
0,013239
0,015962
0,017445
0,018692
0,020335
0,022994
0,022771
0,023697
0,025321
0,025072
0,024215
0,02557
0,027143
0,026107
0,023186
0,023627
0,023896
0,02295
0,024957
0,022483
0,026095
0,024273
0,025097
0,028223
0,030058
0,030525
0,029822
0,03142
0,033095
0,033203
0,032193
0,031599
0,031874
0,02963
0,029432
0,026446
0,025916
0,025149
0,022636
0,020437
0,022035
0,021901
0,020335
0,020968
0,020105
0,022387
0,022713
0,02403
0,022483
0,023448
0,023397
0,020309
0,018845
0,016506
0,013725
0,010925
0,008183
0,006572
0,005146
0,002691
0,001534
0,002142
0,002237
0,00218
0,001547
0,003273
0,00358
0,002742
0,004027
0,003535
0,003931
0,002826
0,001394
-0,00202
-0,002832
-0,005146
-0,005434
-0,006431
-0,007166
-0,009384
-0,007447
-0,010088
-0,007614
-0,007946
-0,007077
-0,004788
-0,002103
-0,003247
-0,002442
-0,001458
-0,003132
-0,003938
-0,003273
-0,005632
-0,00482
-0,006687
-0,007767
-0,009909
-0,009902
-0,011941
-0,012881
-0,012351
-0,014582
-0,013348
-0,014262
-0,014351
-0,01632
-0,015304
-0,017784
-0,01703
-0,018193
-0,018398
-0,019255
-0,019734
-0,019645
-0,021671
-0,023218
-0,022419
-0,021607
-0,022202
-0,021569
-0,020923
-0,01983
-0,018392
-0,017522
-0,016372
-0,016589
-0,013265
-0,014396
-0,011801
-0,012044
-0,010637
-0,010062
-0,008323
-0,008835
-0,008394
-0,007633
-0,006846
-0,005792
-0,005114
-0,003292
-0,005108
-0,003305
-0,002429
-0,002947
-0,002135
-0,000914
-0,00078
0,000831
0,00147
0,004392
0,004532
0,005657
0,007927
0,01081
0,011353
0,012408
0,014671
0,013463
0,012888
0,015195
0,01354
0,015131
0,013795
0,015317
0,013169
0,014658
0,011698
0,013214
0,013207
0,014709
0,014767
0,01797
0,016333
0,017477
0,016947
0,017669
0,01726
0,014332
0,01446
0,013572
0,011174
0,012555
0,011002
0,007403
0,005619
0,00544
0,006891
0,006616
0,006699
0,00622
0,006885
0,006693
0,005856
0,006668
0,006789
0,008982
0,00893
0,007562
0,007288
0,005785
0,006194
0,004085
0,00335
0,0028
0,001502
0,000844
0,000735
-0,000799
-0,001055
-0,000435
-0,001438
-0,003625
-0,003637
-0,00257
-0,004398
-0,003573
-0,004181
-0,00459
-0,003292
-0,005089
-0,004852
-0,006354
-0,006393
-0,005664
-0,005651
-0,006546
-0,007371
-0,005536
-0,007192
-0,006386
-0,007882
-0,00723
-0,008643
-0,008099
-0,007972
-0,007562
-0,006731
-0,008541
-0,007556
-0,008099
-0,009627
-0,009698
-0,010452
-0,011583
-0,014057
-0,01494
-0,01361
-0,014914
-0,017062
-0,018091
-0,019357
-0,018347
-0,018532
-0,019018
-0,018941
-0,019798
-0,022585
-0,019951
-0,019568
-0,019274
-0,017605
-0,017797
-0,017925
-0,01772
-0,016493
-0,0154
-0,013482
-0,014089
-0,012798
-0,012549
-0,010151
-0,008598
-0,009819
-0,011596
-0,008624
-0,0087
-0,008751
-0,011341
-0,01033
-0,011698
-0,011507
-0,011398
-0,008604
-0,008656
-0,009097
-0,009001
-0,00893
-0,004564
-0,004916
-0,003382
-0,002941
-0,002883
-0,002749
-0,00046
0,001668
0,000869
0,003701
0,002704
0,002455
0,002819
