0,008304
0,006968
0,0073
0,006124
0,004929
0,004321
0,004366
0,002717
0,000256
-0,000965
-0,002237
-0,006258
-0,00716
-0,011551
-0,013175
-0,018424
-0,023033
-0,028326
-0,035051
-0,045285
-0,053142
-0,059426
-0,061414
-0,065218
-0,065889
-0,070754
-0,073681
-0,080413
-0,083302
-0,087362
-0,086006
-0,077255
-0,070466
-0,052835
-0,035492
-0,014946
0,000128
0,020885
0,032673
0,049268
0,062494
0,07829
0,090558
0,10193
0,111916
0,122374
0,128466
0,133018
0,133427
0,132704
0,131675
0,127872
0,124976
0,119427
0,114601
0,111283
0,101739
0,090699
0,080272
0,059458
0,049613
0,02596
0,010989
-0,008477
-0,021358
-0,033849
-0,040715
-0,048686
-0,051851
-0,052247
-0,049076
-0,043655
-0,036304
-0,02885
-0,022655
-0,016838
-0,016039
-0,017938
-0,023116
-0,031266
-0,039244
-0,051697
-0,058007
-0,06578
-0,074071
-0,078604
-0,082593
-0,082068
-0,079774
-0,077958
-0,075382
-0,070664
-0,067647
-0,063281
-0,059982
-0,058026
-0,052956
-0,049639
-0,044953
-0,039187
-0,033325
-0,024733
-0,01634
-0,005223
0,002902
0,016397
0,025999
0,037895
0,046174
0,056504
0,063677
0,069807
0,074001
0,074704
0,074909
0,071994
0,067359
0,057067
0,04985
0,037838
0,028249
0,020853
0,014799
0,012063
0,011782
0,01439
0,015048
0,019939
0,023902
0,030883
0,035402
0,040299
0,042543
0,044825
0,044128
0,040446
0,036655
0,030365
0,021888
0,010951
0,003356
-0,008937
-0,018583
-0,029042
-0,031797
-0,038266
-0,040242
-0,041744
-0,041379
-0,038937
-0,036438
-0,035811
-0,032168
-0,031279
-0,03025
-0,030633
-0,032244
-0,03576
-0,037557
-0,043719
-0,045739
-0,053072
-0,056549
-0,06213
-0,064597
-0,067225
-0,06656
-0,066125
-0,063549
-0,058403
-0,055341
-0,050335
-0,04627
-0,039538
-0,038592
-0,031759
-0,027904
-0,02534
-0,023525
-0,020463
-0,019325
-0,017637
-0,016224
-0,013667
-0,011884
-0,007102
-0,002129
0,001579
0,005894
0,00645
0,010746
0,013086
0,015668
0,017126
0,019446
0,021729
0,023077
0,024324
0,027117
0,029425
0,03328
0,035153
0,039295
0,040657
0,045145
0,051569
0,055661
0,060123
0,063933
0,066675
0,069763
0,070575
0,074487
0,074832
0,075606
0,076507
0,076801
0,07776
0,07565
0,078546
0,077753
0,076731
0,078405
0,07916
0,079799
0,079185
0,076174
0,074474
0,073259
0,070958
0,06718
0,062865
0,060608
0,055507
0,05164
0,046155
0,043003
0,036585
0,034437
0,030966
0,031369
0,026875
0,025423
0,024292
0,022739
0,022361
0,021339
0,022144
0,02022
0,017452
0,015713
0,011392
0,00746
-0,000569
-0,00528
-0,01306
-0,018385
-0,024612
-0,030275
-0,034258
-0,034533
-0,036393
-0,035773
-0,034827
-0,033095
-0,030403
-0,025602
-0,022476
-0,019651
-0,016934
-0,015285
-0,014588
-0,013603
-0,014684
-0,015266
-0,02015
-0,021748
-0,025334
-0,030103
-0,033011
-0,036297
-0,038535
-0,041833
-0,043911
-0,044672
-0,044761
-0,045317
-0,045778
-0,045253
-0,044895
-0,04487
-0,046481
-0,048609
-0,05164
-0,053922
-0,055597
-0,05871
-0,065058
-0,068701
-0,07216
-0,074768
-0,077824
-0,079607
-0,081979
-0,082196
-0,085533
-0,085501
-0,086646
-0,089183
-0,089324
-0,089158
-0,090225
-0,090385
-0,090877
-0,09004
-0,090922
-0,088736
-0,087579
-0,088039
-0,085111
-0,08506
-0,082184
-0,082363
-0,077837
-0,077383
-0,074576
-0,070984
-0,067838
-0,064374
-0,059675
-0,056977
-0,05132
-0,048955
-0,042364
-0,037461
-0,031043
-0,026459
-0,020373
-0,015445
-0,010944
-0,00645
-0,002461
0,000869
0,005255
0,011123
0,014933
0,017612
0,022572
0,025807
0,029355
0,032833
0,036387
0,038266
0,043438
0,045388
0,046781
0,050764
0,052055
0,05396
0,055264
0,057092
0,060372
0,06066
0,061433
0,06399
0,062903
0,064105
0,066426
0,066419
0,067135
0,066828
0,069699
0,069008
0,068196
0,071527
0,07076
0,07131
0,070555
0,071508
0,07053
0,071438
0,068516
0,068772
0,067449
0,066208
0,063632
0,063913
0,062085
0,059087
0,059573
0,057176
0,055507
0,055514
0,05506
0,055386
0,055143
0,054478
0,054472
0,05311
0,052138
0,050457
0,050118
0,048475
0,043757
0,043694
0,040344
0,039168
0,035728
0,032717
0,031701
0,028179
0,024337
0,02341
0,022368
0,021319
0,017663
0,017292
0,015074
0,015866
0,012376
0,010656
0,01003
0,005817
0,006124
0,005594
0,0042
0,001611
-0,000646
-0,001541
-0,00264
-0,005945
-0,006942
-0,008298
-0,009378
-0,009589
-0,011142
-0,010215
-0,010938
-0,011743
-0,013456
-0,011545
-0,013073
-0,013354
-0,014812
-0,016602
-0,017056
-0,017375
-0,018698
-0,020527
-0,021428
-0,020245
-0,022962
-0,023506
-0,023154
-0,023691
-0,024401
-0,022425
-0,023045
-0,023397
-0,022981
-0,021518
-0,022067
-0,021939
-0,022419
-0,021844
-0,022023
-0,022643
-0,023614
-0,024349
-0,023442
-0,022937
-0,023691
-0,02341
-0,022611
-0,021371
-0,019887
-0,01827
-0,016557
-0,017867
-0,01687
-0,015087
-0,014288
-0,013552
-0,013067
-0,013143
-0,013974
-0,013917
-0,013111
-0,013456
-0,01283
-0,013987
-0,014594
-0,01547
-0,01469
-0,013341
-0,014332
-0,01469
-0,015438
-0,015163
-0,015854
-0,015905
-0,016295
-0,01524
-0,016352
-0,016403
-0,016109
-0,016736
-0,016269
-0,015886
-0,016288
-0,015758
-0,01586
-0,014467
-0,013207
-0,013699
-0,011929
-0,012926
-0,010196
-0,011334
-0,010254
-0,009103
-0,009998
-0,009551
-0,00762
-0,006987
-0,003925
-0,002634
-0,001566
0,000447
0,001937
0,004436
0,004999
0,007224
0,008496
0,008783
0,01049
0,010548
0,011098
0,011021
0,011206
0,01182
0,012076
0,013156
0,014965
0,014339
0,016033
0,014908
0,01586
0,01586
0,015783
0,015579
0,016416
0,015822
0,014396
0,015227
0,014479
0,01322
0,013949
0,013674
0,015342
0,013565
0,015138
0,015508
0,015662
0,016595
0,017241
0,016103
0,017036
0,018398
0,017561
0,015694
0,014748
0,012964
0,013073
0,012632
0,012376
0,011078
0,010516
0,009845
0,008624
0,008215
0,00599
0,004462
0,005415
0,003247
0,0042
0,002487
0,001534
-0,00055
-0,001713
-0,001899
-0,005779
-0,004181
-0,005868
-0,007984
-0,007467
-0,007531
-0,007115
-0,006591
-0,007646
-0,006987
-0,008202
-0,008138
-0,007882
-0,006763
-0,007626
-0,008234
-0,00723
-0,007345
-0,007236
-0,007019
-0,008317
-0,006111
-0,007786
-0,008304
-0,005766
-0,00629
-0,006981
-0,00707
-0,007268
-0,006361
-0,006329
-0,007032
-0,009404
-0,009768
-0,011098
-0,01166
-0,014064
-0,014268
-0,015886
-0,018705
-0,019024
-0,020527
-0,02075
-0,02169
-0,022854
-0,021569
-0,02263
-0,023346
-0,025666
-0,023953
-0,024567
-0,025181
-0,025634
-0,025935
-0,026018
-0,027143
-0,029297
-0,029342
-0,029943
-0,029707
-0,029758
-0,031599
-0,030672
-0,030167
-0,029675
-0,031982
-0,032813
-0,032417
-0,034264
-0,032654
-0,030927
-0,031311
-0,03032
-0,029285
-0,026977
-0,025545
-0,02355
-0,019977
-0,019069
-0,015278
-0,012549
-0,010663
-0,00684
-0,004213
-0,000556
-0,000371
0,001764
0,003778
0,006668
0,007805
0,008745
0,009877
0,011334
0,01251
0,01313
0,011488
0,014607
0,01159
0,011149
0,010887
0,010983
0,010439
0,009122
0,009506
0,008969
0,007032
0,010925
0,009864
0,011948
0,015502
0,017286
0,020233
0,024842
0,02823
0,0294
0,030614
0,028959
0,024784
0,016039
0,006572
-0,000818
-0,004456
-0,003279
0,001131
0,006693
0,010458
0,015374
0,019453
0,023384
0,026076
0,029834
0,033894
0,036035
0,036821
0,035773
0,034137
0,029713
0,027763
0,025315
0,022003
0,022579
0,021837
0,022476
0,023902
0,026274
0,026421
0,029886
0,033101
0,036527
0,041635
0,044723
0,047146
0,049754
0,047158
0,046692
0,043655
0,038669
0,035677
0,029949
0,029125
0,027367
0,024413
0,022802
0,021281
0,019907
0,019753
0,018321
0,018347
0,017286
0,016077
0,016218
0,01687
0,015381
0,014473
0,00971
0,006821
0,002768
-8,3E-05
-0,00443
-0,00528
-0,008835
-0,008304
-0,009365
-0,010593
-0,011341
-0,012939
-0,012184
-0,011884
-0,011718
-0,014294
-0,015259
-0,013961
-0,015144
-0,017676
-0,018679
-0,020482
-0,022125
-0,022246
-0,02456
-0,025948
-0,026472
-0,026753
-0,027162
-0,027865
-0,026804
-0,026056
-0,025449
-0,02316
-0,019779
-0,019555
-0,019255
-0,017554
-0,018813
-0,020047
-0,019005
-0,020111
-0,01898
-0,019817
-0,020699
-0,021556
-0,020105
-0,023116
-0,020584
-0,021869
-0,02091
-0,019619
-0,018973
-0,018692
-0,018992
-0,019146
-0,019881
-0,019178
-0,019453
-0,019772
-0,020578
-0,020987
-0,020776
-0,021198
-0,021652
-0,021422
-0,021665
-0,020373
-0,020565
-0,019581
-0,019715
-0,01834
-0,019638
-0,017541
-0,017241
-0,015854
-0,014045
-0,01205
-0,009806
-0,008745
-0,005945
-0,004341
-0,000729
0,001892
0,003382
0,005562
0,006744
0,008751
0,009404
0,01228
0,013482
0,015112
0,016864
0,018596
0,020086
0,022719
0,025545
0,026996
0,028888
0,032954
0,03539
0,037621
0,038976
0,03996
0,042134
0,045042
0,047178
0,047945
0,049524
0,050553
0,051058
0,052343
0,054951
0,054331
0,055175
0,056076
0,05784
0,057329
0,057604
0,058461
0,058371
0,058588
0,057342
0,058096
0,058
0,05724
0,057003
0,056019
0,053839
0,052893
0,052023
0,050904
0,050176
0,049479
0,049121
0,046225
0,045106
0,043694
0,042747
0,03943
0,039104
0,035965
0,033504
0,031976
0,029937
0,029361
0,025647
0,024612
0,022329
0,020891
0,017126
0,01602
0,013629
0,01276
0,009928
0,007946
0,007179
0,004686
0,003286
7E-05
-0,000128
-0,002384
-0,005229
-0,005012
-0,007479
-0,008202
-0,009864
-0,011443
-0,010644
-0,011053
-0,011027
-0,010056
-0,010433
-0,010394
-0,010382
-0,012651
-0,0126
-0,012549
-0,01618
-0,017113
-0,019338
-0,021581
-0,023621
-0,026044
-0,027073
-0,029764
-0,02917
-0,028907
-0,028364
-0,029323
-0,02839
-0,028211
-0,027904
-0,027456
-0,027603
-0,028089
-0,028888
-0,030518
-0,030614
-0,033011
-0,033715
-0,035236
-0,036425
-0,038688
-0,040619
-0,039705
-0,040574
-0,039794
-0,038573
-0,038471
-0,03826
-0,038292
-0,038778
-0,037704
-0,036316
-0,037045
-0,035517
-0,038279
-0,038464
-0,038516
-0,040146
-0,039999
-0,040216
-0,042696
-0,041437
-0,041571
-0,042006
-0,041443
-0,039877
-0,040625
-0,038771
-0,036265
-0,036412
-0,034482
-0,033568
-0,034309
-0,033395
-0,03055
-0,030359
-0,029496
-0,028696
-0,026804
-0,025328
-0,024445
-0,023307
-0,019306
-0,017669
-0,015649
-0,014716
-0,013118
-0,011347
-0,009244
-0,007224
-0,006495
-0,00505
-0,005223
-0,004277
-0,004903
-0,004149
-0,003369
-0,003094
-0,003772
-0,001509
-0,002301
0,001394
0,000921
0,003465
0,004935
0,006367
0,007978
0,009915
0,010139
0,009116
0,011328
0,010605
0,010842
0,0112
0,010446
0,011865
0,01088
0,010094
0,010816
0,012472
0,013246
0,01393
0,016787
0,017778
0,018852
0,020348
0,021371
0,021594
0,02341
0,023084
0,02302
0,022202
0,023103
0,023813
0,02247
0,022962
0,022425
0,021121
0,022003
0,022304
0,023052
0,022342
0,023135
0,025826
0,026331
0,026184
0,027571
0,029559
0,029553
0,031113
0,030135
0,028901
0,029336
0,027981
0,027514
0,026753
0,024874
0,023883
0,022623
0,021799
0,020661
0,020207
0,02107
0,021396
0,021364
0,021882
0,019977
0,021415
0,022323
0,020738
0,02013
0,020373
0,01781
0,016774
0,016365
0,012913
0,010273
0,008425
0,006693
0,003567
0,002634
0,000646
0,002423
0,002327
0,000742
0,001771
0,001016
0,002455
0,003612
0,002237
0,003855
0,001349
0,001247
0,000467
-0,000313
-0,002768
-0,003944
-0,005453
-0,005549
-0,007428
-0,00856
-0,00668
-0,00746
-0,008253
-0,009327
-0,008886
-0,009608
-0,007064
-0,007805
-0,006942
-0,00693
-0,007799
-0,008758
-0,008598
-0,007786
-0,009372
-0,011206
-0,011398
-0,011513
-0,012913
-0,013437
-0,014844
-0,014895
-0,014991
-0,016135
-0,016864
-0,016448
-0,018149
-0,017701
-0,018117
-0,017292
-0,019133
-0,018839
-0,018558
-0,02045
-0,020635
-0,020399
-0,020891
-0,021115
-0,020655
-0,020565
-0,018462
-0,018807
-0,018046
-0,016244
-0,015278
-0,013258
-0,013009
-0,011532
-0,010484
-0,010772
-0,010036
-0,008381
-0,007825
-0,006648
-0,007575
-0,004718
-0,004532
-0,003375
-0,002653
-0,001994
-0,000857
-0,000473
0,000358
0,001854
0,00241
0,00163
0,004424
0,005491
0,006367
0,006233
0,008208
0,007556
0,009851
0,011545
0,013015
0,011941
0,012088
0,013757
0,014876
0,014697
0,014709
0,015259
0,013763
0,015489
0,013872
0,015841
0,014888
0,014441
0,014991
0,013974
0,014045
0,013744
0,015163
0,014812
0,015451
0,01524
0,013961
0,013143
0,013092
0,011775
0,009742
0,008317
0,008425
0,006367
0,005223
0,003682
0,002742
0,0031
0,003957
0,002007
0,001937
0,001963
0,001579
0,003868
0,00521
0,004283
0,006469
0,007089
0,00668
0,00622
0,007089
0,004973
0,005677
0,003765
0,004085
0,001905
0,001649
0,00133
-0,000192
-0,00032
0,00085
-0,000166
-0,002122
-0,000831
-0,002333
-0,002237
-0,002193
-0,002742
-0,003311
-0,003401
-0,004878
-0,004692
-0,005101
-0,006552
-0,006648
-0,007045
-0,008662
-0,006923
-0,009595
-0,008547
-0,008534
-0,009205
-0,009257
-0,008477
-0,009742
-0,009883
-0,010541
-0,011238
-0,009621
-0,009864
-0,01049
-0,011302
-0,014185
-0,012446
-0,014332
-0,01735
-0,01618
-0,016736
-0,016589
-0,018718
-0,020086
-0,01781
-0,017759
-0,019753
-0,019101
-0,019095
-0,017477
-0,01882
-0,020712
-0,019478
-0,018807
-0,019376
-0,01742
-0,016947
-0,015457
-0,013444
-0,015074
-0,01354
-0,011858
-0,011168
-0,009282
-0,008509
-0,008087
-0,009071
-0,007096
-0,007869
-0,007511
-0,007217
-0,00652
-0,007888
-0,007243
-0,006936
-0,006795
-0,006552
-0,007096
-0,006808
-0,00537
-0,00482
-0,003388
-0,004257
-0,003414
-0,002212
-0,002161
-0,00117
-0,000748
0,000102
0,000595
-0,000352
-4,5E-05
-0,000211
0,000441
