0,002915
0,002295
0,003529
0,00351
0,002525
0,002397
0,000416
-0,00172
-0,002193
-0,000658
-0,005478
-0,008202
-0,008681
-0,012172
-0,015681
-0,020188
-0,02316
-0,028709
-0,035537
-0,043956
-0,049894
-0,05832
-0,065211
-0,067429
-0,067538
-0,07007
-0,071527
-0,074525
-0,075816
-0,081416
-0,082113
-0,082708
-0,079307
-0,069424
-0,055667
-0,040331
-0,025053
-0,002934
0,010113
0,028543
0,043604
0,058416
0,070766
0,083692
0,092508
0,104718
0,109269
0,1168
0,120936
0,126427
0,129208
0,127328
0,129604
0,127507
0,124535
0,121658
0,118717
0,118142
0,112836
0,102621
0,092393
0,081653
0,063702
0,04347
0,023774
0,00723
-0,012293
-0,028556
-0,038752
-0,046775
-0,052279
-0,050751
-0,050003
-0,040389
-0,032538
-0,020827
-0,01042
-0,004641
-0,005299
-0,011321
-0,020252
-0,032615
-0,049562
-0,060653
-0,070817
-0,079083
-0,088493
-0,090705
-0,097526
-0,1017
-0,105996
-0,109959
-0,111123
-0,109224
-0,10434
-0,099015
-0,090724
-0,084613
-0,074186
-0,064738
-0,057981
-0,047906
-0,036917
-0,027597
-0,019581
-0,008918
-0,001509
0,006706
0,014978
0,020213
0,031075
0,036099
0,041961
0,048533
0,052573
0,054197
0,051633
0,046008
0,03856
0,036285
0,028805
0,025539
0,022905
0,024925
0,030717
0,035927
0,041399
0,050553
0,056792
0,066502
0,073745
0,077542
0,082752
0,084568
0,084133
0,079844
0,075037
0,066017
0,054165
0,043917
0,033657
0,022962
0,009352
-0,002033
-0,008087
-0,012325
-0,020354
-0,021697
-0,024388
-0,026107
-0,025826
-0,024381
-0,021281
-0,021786
-0,021722
-0,024413
-0,02676
-0,03319
-0,038765
-0,045375
-0,049843
-0,054663
-0,060545
-0,062501
-0,063997
-0,067461
-0,065882
-0,059963
-0,059918
-0,055379
-0,050604
-0,046327
-0,039289
-0,0367
-0,033421
-0,027821
-0,028006
-0,025321
-0,022272
-0,023953
-0,021115
-0,023557
-0,021345
-0,018871
-0,016972
-0,013961
-0,010311
-0,007224
-0,000908
0,004507
0,009257
0,017624
0,024573
0,030199
0,037237
0,041654
0,046922
0,051039
0,052253
0,054197
0,056824
0,058224
0,059106
0,060129
0,060084
0,060225
0,058787
0,05887
0,05956
0,059509
0,059247
0,059029
0,059554
0,059061
0,056882
0,054695
0,052931
0,049025
0,04572
0,041821
0,038528
0,034399
0,031094
0,023998
0,01976
0,016845
0,011168
0,008579
0,004417
0,001125
-0,002436
-0,00684
-0,010279
-0,015873
-0,018219
-0,021096
-0,025481
-0,027795
-0,030275
-0,032244
-0,033293
-0,034309
-0,038541
-0,038062
-0,041098
-0,041437
-0,042485
-0,04416
-0,047331
-0,048156
-0,04843
-0,049038
-0,049728
-0,050706
-0,049332
-0,04742
-0,042754
-0,041686
-0,035159
-0,03569
-0,032743
-0,03094
-0,025558
-0,021358
-0,018743
-0,014288
-0,014307
-0,010375
-0,005082
-0,000595
0,001125
0,005261
0,005709
0,009634
0,009263
0,014684
0,014
0,018865
0,017823
0,02231
0,022668
0,023518
0,024356
0,026325
0,026504
0,026223
0,025877
0,022732
0,025149
0,026619
0,024516
0,022074
0,022374
0,022419
0,019881
0,017855
0,016314
0,015994
0,0129
0,012811
0,013399
0,011494
0,008087
0,005779
0,004123
0,004456
0,004571
0,001426
0,000844
-0,001707
-0,001413
-0,005293
-0,009928
-0,011743
-0,014006
-0,0171
-0,019127
-0,020022
-0,020731
-0,023103
-0,024739
-0,028115
-0,02839
-0,029438
-0,029253
-0,029732
-0,027143
-0,027686
-0,023685
-0,021434
-0,019005
-0,016634
-0,01384
-0,013533
-0,011443
-0,010158
-0,009141
-0,004424
-0,002666
-0,002519
-0,002685
0,000914
0,001342
0,003145
0,006175
0,008451
0,011641
0,010848
0,01253
0,01368
0,016199
0,016921
0,017273
0,018424
0,017861
0,020846
0,021524
0,020041
0,020271
0,01912
0,019299
0,016915
0,013559
0,011366
0,010318
0,007243
0,005274
0,005472
0,00381
0,001707
-0,000211
0,000524
-0,000767
-0,00211
-0,003663
-0,003401
-0,002557
-0,005932
-0,006284
-0,008285
-0,008886
-0,010132
-0,009173
-0,009141
-0,011334
-0,010088
-0,011737
-0,013162
-0,01423
-0,011251
-0,012817
-0,010414
-0,011603
-0,009589
-0,006041
-0,005721
-0,004584
-0,004206
-0,002289
-0,002595
-0,000703
0,000671
0,001924
0,004226
0,005306
0,007786
0,006316
0,009704
0,009845
0,011443
0,012344
0,014249
0,017503
0,014614
0,016742
0,014946
0,015432
0,019171
0,018794
0,016007
0,015278
0,016007
0,014166
0,013086
0,011961
0,011411
0,010887
0,007805
0,007019
0,005721
0,005478
0,004468
0,004647
0,003356
0,00388
0,003196
0,002781
0,001208
0,00241
0,002685
0,005344
0,001163
0,003164
0,001675
0,000748
0,000895
-0,000499
-0,000275
-0,001496
-0,001521
-0,002794
-0,001247
-0,002116
0,000492
0,000224
0,002244
0,002308
0,00078
0,00287
0,004085
0,003631
0,007377
0,008847
0,008847
0,007383
0,007952
0,009455
0,011711
0,011168
0,00925
0,008758
0,007978
0,009333
0,008004
0,008905
0,009365
0,0087
0,009474
0,009231
0,009915
0,008726
0,006469
0,006131
0,007275
0,006489
0,003855
0,002787
-0,000901
-9,6E-05
-0,001163
-0,003337
-0,005363
-0,007805
-0,010471
-0,010279
-0,011807
-0,012108
-0,011085
-0,014607
-0,01189
-0,013252
-0,011788
-0,010541
-0,01049
-0,010522
-0,010861
-0,008956
-0,007741
-0,00606
-0,006431
-0,008221
-0,00739
-0,007019
-0,008541
-0,009205
-0,008566
-0,006322
-0,005824
-0,007083
-0,004443
-0,004711
-0,004577
-0,004155
-0,001873
-0,001317
-0,000857
-0,001272
0,00195
0,006699
0,006706
0,012593
0,014856
0,017286
0,015924
0,009141
-0,003663
-0,018475
-0,033178
-0,040497
-0,041635
-0,032398
-0,025174
-0,019638
-0,014914
-0,012114
-0,008611
-0,001509
0,005325
0,010183
0,013329
0,014799
0,014741
0,011852
0,006258
0,003733
-0,003778
-0,011769
-0,011551
-0,015649
-0,012702
-0,012178
-0,008285
-0,003689
-0,002212
0,002269
0,008496
0,013616
0,01554
0,020993
0,025865
0,026606
0,026791
0,022943
0,018954
0,016014
0,01517
0,010688
0,009129
0,010024
0,00987
0,012351
0,011341
0,012651
0,012964
0,015528
0,017925
0,017266
0,0185
0,018481
0,01797
0,014914
0,013412
0,008547
0,004622
0,000671
-0,004699
-0,00592
-0,00638
-0,008317
-0,007358
-0,009755
-0,009576
-0,008553
-0,00872
-0,006597
-0,008994
-0,006815
-0,006278
-0,00622
-0,007678
-0,007486
-0,010407
-0,010772
-0,010612
-0,013872
-0,011686
-0,009877
-0,009116
-0,009308
-0,007869
-0,006201
-0,007633
-0,006904
-0,006258
-0,00443
-0,003254
-0,004245
-0,003273
-0,002244
-0,003746
-0,007019
-0,007211
-0,009058
-0,007959
-0,008975
-0,005907
-0,006661
-0,004961
-0,006303
-0,005101
-0,002813
-0,00218
-0,000626
0,00069
0,000742
0,003056
0,002787
0,003279
0,001458
0,001221
-0,000563
-0,001899
-0,00319
-0,001956
-0,001994
-0,000991
-0,001151
-0,002889
-0,001726
-0,003184
-0,004903
-0,005101
-0,008822
-0,007224
-0,00652
-0,010772
-0,009186
-0,01299
-0,01198
-0,01322
-0,014403
-0,014089
-0,013648
-0,013124
-0,012063
-0,012549
-0,011142
-0,011034
-0,007345
-0,005721
-0,003804
-0,003254
-0,002378
0,000889
0,000658
0,002947
-0,000109
0,000409
-0,000166
-0,0011
-0,000697
-0,004673
-0,005792
-0,005351
-0,006853
-0,00808
-0,011379
-0,010848
-0,010324
-0,013309
-0,01033
-0,011622
-0,009838
-0,009474
-0,009448
-0,007077
-0,005804
-0,004321
-0,002979
0,000205
0,002039
0,001266
0,001668
0,00349
0,00404
0,00491
0,004839
0,003017
0,004251
0,004826
0,001419
0,00505
0,00349
0,002365
0,003957
0,004315
0,006086
0,008157
0,005638
0,010516
0,011347
0,013137
0,012625
0,013821
0,014198
0,019056
0,020105
0,020207
0,020802
0,022029
0,020936
0,022048
0,021115
0,020233
0,019197
0,016672
0,016921
0,015067
0,013987
0,011692
0,00785
0,0073
0,007185
0,004641
0,004993
0,003848
0,004468
0,004718
0,002864
0,004104
0,002455
0,001074
0,000908
0,001183
0,001867
0,00365
0,003727
0,003247
0,003887
0,005447
0,001234
0,003439
0,001061
0,002883
0,003145
0,005287
0,002691
0,00381
0,004162
0,003331
0,005191
0,005689
0,006891
0,006699
0,005287
0,006386
0,007901
0,00801
0,007435
0,010324
0,007722
0,007965
0,008061
0,009269
0,010688
0,010132
0,011021
0,010452
0,012114
0,011507
0,010228
0,011328
0,010835
0,010145
0,010669
0,010509
0,010561
0,009276
0,009154
0,0098
0,008183
0,006994
0,004315
0,003375
0,00225
-0,000671
-0,001368
-0,004532
-0,004174
-0,005868
-0,007499
-0,004961
-0,007224
-0,006661
-0,006885
-0,006533
-0,007652
-0,006015
-0,007908
-0,009896
-0,010215
-0,008975
-0,009615
-0,011404
-0,011334
-0,010394
-0,012709
-0,010887
-0,010618
-0,011615
-0,009148
-0,006239
-0,006067
-0,00544
-0,004405
-0,002314
-0,001592
-0,002813
-0,000889
0,000729
0,001777
0,001713
0,002563
-0,000339
0,001362
0,003075
0,001688
6,4E-05
0,003586
0,004826
0,003382
0,002723
0,003382
0,004053
0,004417
0,002902
0,007722
0,009257
0,006278
0,010394
0,008087
0,007831
0,008381
0,006246
0,006271
0,006105
0,003113
0,002359
0,002755
0,004181
0,002352
0,001087
0,002698
0,001183
0,000109
0,000166
-0,000307
0,001752
-0,000588
0,001822
0,001585
0,000396
0,001489
0,002883
0,000479
0,003267
0,002928
0,004238
0,002301
0,006284
0,002691
0,007946
0,00707
0,007754
0,008732
0,008854
0,010247
0,010772
0,010791
0,011443
0,01104
0,011238
0,012216
0,011123
0,01058
0,010446
0,010439
0,00932
0,010944
0,007652
0,008688
0,006373
0,006552
0,006597
0,005287
0,005472
0,004833
0,005063
0,005804
0,0059
0,004206
0,004526
0,004104
0,002269
0,005236
0,00576
0,003957
0,001374
0,00452
0,003554
0,006246
0,004692
0,004379
0,004814
0,003573
0,002819
0,004699
0,00351
0,00303
0,004078
0,003292
0,002333
0,006712
0,005894
0,002519
0,002736
0,004667
0,004584
0,003804
0,00475
0,004724
0,005319
0,004814
0,004328
0,003586
0,004993
0,005613
0,006367
0,007837
0,007121
0,008822
0,007869
0,010957
0,009698
0,009992
0,008362
0,008764
0,007025
0,008438
0,00622
0,002896
0,001931
0,002026
0,001042
-0,000588
-0,000946
-0,001413
-0,001745
-0,003963
-0,004443
-0,005587
-0,006361
-0,006041
-0,007844
-0,007499
-0,009806
-0,011564
-0,0129
-0,012491
-0,012056
-0,014786
-0,015841
-0,016244
-0,017899
-0,016308
-0,021198
-0,018424
-0,018929
-0,019133
-0,020488
-0,022796
-0,022866
-0,020073
-0,020054
-0,019203
-0,013942
-0,011424
-0,009953
-0,007665
-0,006962
-0,004104
-0,004123
-0,004053
-0,002429
-0,001694
-0,003548
-0,003848
-0,007147
-0,00833
-0,005945
-0,007051
-0,006169
-0,006821
-0,003388
-0,000742
0,002864
0,005223
0,005197
0,006022
0,008489
0,007684
0,008208
0,00856
0,00684
0,005044
0,002046
-0,001489
-0,003107
-0,005427
-0,007626
-0,007697
-0,009519
-0,010196
-0,008342
-0,007262
-0,004417
-0,003605
-0,002455
0,000384
0,001963
0,002512
0,00443
0,003669
0,007096
0,004941
0,005689
0,002845
0,003279
0,002384
0,003478
0,001483
0,001547
0,001668
0,003081
0,000786
0,001093
0,004085
0,001573
0,0025
0,00436
0,008649
0,009774
0,01182
0,010535
0,012491
0,012868
0,013719
0,013252
0,010541
0,011756
0,009551
0,005216
0,003765
0,001892
-0,001055
0,000173
-0,001477
-0,001323
-0,002595
-0,000876
0,000352
0,000377
0,002787
0,006738
0,006584
0,006668
0,008272
0,007422
0,007128
0,008336
0,006341
0,005421
0,004245
0,005677
0,005184
0,004628
0,00551
0,008215
0,008055
0,008611
0,009742
0,014997
0,017132
0,015841
0,016288
0,016998
0,014524
0,014716
0,01283
0,008745
0,007262
0,003899
0,003899
0,002736
-0,000128
0,001336
-0,001937
-0,000409
0,002774
0,003388
0,004232
0,006866
0,007179
0,007511
0,008777
0,009998
0,005204
0,005881
0,003375
0,00117
0,000447
-0,00287
-0,00108
-0,004142
-0,004309
-0,003171
-0,003375
-0,003554
-0,000588
0,000128
0,000358
0,000396
-0,00046
0,00016
0,001342
0,00156
-0,001828
-0,002627
-0,004724
-0,005165
-0,007857
-0,006508
-0,01003
-0,008106
-0,006188
-0,009666
-0,005849
-0,006035
-0,004686
-0,007818
-0,007601
-0,005798
-0,003752
-0,00537
-0,007288
-0,005875
-0,007166
-0,005312
-0,006162
-0,006169
-0,006028
-0,010848
-0,009103
-0,009551
-0,009992
-0,008496
-0,008298
-0,00691
-0,008336
-0,007531
-0,005338
-0,005785
-0,003855
-0,003375
-0,003919
-0,002813
-0,00179
-0,002519
0,000262
-0,00124
-0,000646
-0,000805
-0,00108
-0,002525
2,6E-05
0,000313
0,001183
0,000403
0,002321
0,00248
0,002205
0,000531
0,000869
0,000863
-0,000684
0,000377
0,001847
0,000249
-0,000805
-0,000678
0,000358
-0,002563
-0,005549
-0,003618
-0,002774
-0,005683
-0,005216
-0,002998
-0,002269
-0,002352
-0,001732
-0,002058
-0,000722
0,002346
0,001579
0,005076
0,004571
0,005753
0,008477
0,009921
0,011302
0,011002
0,011698
0,011532
0,010835
0,010273
0,010382
0,00863
0,008106
0,006821
0,005971
0,005114
0,00443
0,00085
-5,1E-05
0,001432
-0,000275
0,000281
0,000748
-0,000288
0,002001
0,002448
0,001323
0,002544
0,003816
0,005031
0,005331
0,004628
0,004245
0,004245
0,001138
0,001342
-0,001381
-0,000901
-0,002046
-0,003976
-0,004353
-0,004814
-0,005734
-0,005939
-0,005057
-0,002896
-0,002327
-0,002806
-0,001106
-0,003701
-0,002372
-0,002723
-0,00358
-0,00202
-0,004571
-0,002218
-0,004398
-0,006054
-0,005632
-0,00528
-0,005223
-0,00381
-0,005747
-0,004622
-0,003305
-0,004226
-0,003912
-0,004929
-0,007115
-0,003318
-0,00615
-0,006636
-0,00638
-0,005331
-0,007805
-0,007307
-0,007748
-0,006789
-0,007607
-0,006041
-0,009595
-0,006246
-0,006693
-0,00716
-0,003784
-0,004353
-0,004027
-0,003394
-0,005971
-0,006252
-0,005191
-0,004846
-0,005478
-0,006079
-0,009352
-0,009391
-0,010867
-0,005907
-0,009205
-0,009691
-0,008099
-0,010324
-0,006859
-0,006463
