0,002033
0,001285
0,00179
-0,000531
-0,000537
0,001828
0,000102
-0,001304
-0,003254
-0,003158
-0,004954
-0,005964
-0,010541
-0,014057
-0,015624
-0,020565
-0,024938
-0,02931
-0,036502
-0,043764
-0,053257
-0,060148
-0,067007
-0,072659
-0,074909
-0,074193
-0,074755
-0,079332
-0,079058
-0,082017
-0,085162
-0,081998
-0,08079
-0,069916
-0,055533
-0,040484
-0,020124
-0,002742
0,015604
0,030416
0,046596
0,060346
0,075318
0,086281
0,097513
0,1045
0,110247
0,119043
0,125302
0,129361
0,132033
0,131298
0,130972
0,129598
0,127104
0,12681
0,126075
0,122125
0,116793
0,108828
0,097686
0,083564
0,068689
0,046621
0,02247
0,006354
-0,01026
-0,027367
-0,038343
-0,046519
-0,054395
-0,056818
-0,052841
-0,048354
-0,036956
-0,029259
-0,019088
-0,013591
-0,011066
-0,01104
-0,019306
-0,030876
-0,040229
-0,05148
-0,063313
-0,068714
-0,078994
-0,087061
-0,089113
-0,095678
-0,1
-0,100307
-0,101675
-0,10287
-0,097967
-0,098044
-0,090775
-0,086275
-0,078732
-0,072844
-0,065678
-0,059234
-0,048085
-0,039685
-0,027469
-0,01694
-0,007952
0,00218
0,012402
0,018871
0,027162
0,032673
0,041514
0,046711
0,0496
0,051569
0,053436
0,047945
0,043585
0,040075
0,032628
0,030774
0,027949
0,02628
0,029981
0,032916
0,037352
0,043534
0,050674
0,058313
0,065806
0,073419
0,081768
0,084459
0,087106
0,084619
0,082759
0,074909
0,063888
0,052189
0,039545
0,026721
0,009972
0,001879
-0,008087
-0,014172
-0,019248
-0,026593
-0,026453
-0,025475
-0,023416
-0,024375
-0,022502
-0,021224
-0,021633
-0,022815
-0,026568
-0,030653
-0,038982
-0,039928
-0,047804
-0,055827
-0,062072
-0,064572
-0,070555
-0,0717
-0,071099
-0,067576
-0,063044
-0,062827
-0,055469
-0,052535
-0,042831
-0,040235
-0,035575
-0,03048
-0,028831
-0,026632
-0,025705
-0,022668
-0,024407
-0,023506
-0,022285
-0,021294
-0,020763
-0,018826
-0,017963
-0,010631
-0,004181
-0,002218
0,004059
0,011884
0,018443
0,028831
0,035811
0,041859
0,046609
0,049722
0,05366
0,055002
0,061062
0,059662
0,059419
0,059336
0,059189
0,057463
0,057853
0,055865
0,057872
0,056766
0,055539
0,055603
0,057131
0,055539
0,054772
0,054382
0,053116
0,053423
0,050483
0,046129
0,04588
0,041552
0,039174
0,038369
0,032206
0,031222
0,024516
0,023109
0,018973
0,014089
0,010139
0,006028
0,000863
-0,004916
-0,008624
-0,013814
-0,016014
-0,020392
-0,027028
-0,02837
-0,032014
-0,034584
-0,038196
-0,039091
-0,043642
-0,042926
-0,044493
-0,045202
-0,043361
-0,046014
-0,047382
-0,045669
-0,046052
-0,046193
-0,04581
-0,044608
-0,044576
-0,043687
-0,043195
-0,041782
-0,039909
-0,041073
-0,033836
-0,032168
-0,032142
-0,027124
-0,023723
-0,018737
-0,015464
-0,008796
-0,005856
-0,003765
0,000422
0,004794
0,008796
0,010337
0,010963
0,01391
0,015841
0,017592
0,01765
0,016519
0,018072
0,017906
0,022144
0,020968
0,021735
0,023602
0,02341
0,02419
0,024279
0,022374
0,026063
0,020917
0,023608
0,022783
0,020661
0,02006
0,02015
0,01834
0,016109
0,014211
0,009634
0,009851
0,009346
0,005856
0,003305
0,002698
0,001342
-0,000927
-0,001918
-0,005293
-0,006917
-0,007748
-0,009487
-0,009768
-0,01329
-0,017931
-0,020993
-0,021965
-0,024343
-0,027993
-0,02931
-0,030723
-0,030173
-0,031554
-0,032046
-0,030052
-0,029349
-0,02768
-0,025916
-0,024842
-0,021607
-0,019325
-0,016416
-0,014217
-0,011551
-0,011436
-0,008879
-0,008899
-0,008093
-0,003746
-0,002563
0,000658
0,000217
0,002998
0,002794
0,004513
0,007607
0,007614
0,010676
0,01136
0,013284
0,014262
0,016928
0,017081
0,018174
0,01804
0,019792
0,018513
0,019836
0,017292
0,015937
0,014556
0,012191
0,012408
0,01088
0,011571
0,008374
0,007818
0,00491
0,005811
0,004047
0,004289
0,0003
0,000837
-0,000435
0,001298
0,001489
0,00108
-0,002493
-0,000262
-0,002647
-0,003139
-0,003478
-0,005025
-0,004615
-0,007064
-0,006789
-0,005031
-0,005351
-0,005677
-0,004436
-0,002902
-0,001355
-0,002832
-0,001643
-0,002167
0,000805
-0,00078
0,000978
0,000205
0,002474
0,005408
0,006124
0,00606
0,006968
0,009883
0,009813
0,00886
0,011571
0,013239
0,013687
0,016224
0,015854
0,017906
0,01696
0,015873
0,015988
0,018679
0,0154
0,016224
0,013137
0,012025
0,01212
0,011494
0,008937
0,008771
0,009014
0,004513
0,006041
0,005165
0,00459
0,007428
0,003561
0,005709
0,005549
0,006878
0,006303
0,004878
0,005331
0,005709
0,006604
0,003791
0,004309
0,004219
0,002512
0,003222
0,000524
0,000793
0,000857
-0,001713
0,000102
-0,000128
-0,001202
-0,000972
0,001074
0,001279
0,002116
0,003752
0,004021
0,004059
0,007959
0,008649
0,009416
0,01012
0,008739
0,009154
0,010938
0,008873
0,007441
0,008592
0,007984
0,007134
0,008195
0,008585
0,007652
0,006642
0,007358
0,004449
0,006405
0,006642
0,003586
0,005638
0,005952
0,0011
-0,001899
-0,001694
-0,002896
-0,001068
-0,005664
-0,007524
-0,009838
-0,011053
-0,011392
-0,012274
-0,01586
-0,01657
-0,015195
-0,015585
-0,016666
-0,015719
-0,012542
-0,012753
-0,012785
-0,009595
-0,010145
-0,011328
-0,00886
-0,008867
-0,007678
-0,004667
-0,002985
-0,005964
-0,003196
-0,005376
-0,006776
-0,005613
-0,00631
-0,005063
-0,00831
-0,007121
-0,006917
-0,008419
-0,006904
-0,009602
-0,008259
-0,008349
-0,008528
-0,008496
-0,008183
-0,007658
-0,007601
-0,007658
-0,00831
-0,007134
-0,005299
-0,005108
-0,00404
-0,005031
-0,004673
-0,004245
-0,004903
-0,004219
-0,001873
-0,002001
-0,000722
0,001087
-0,00264
0,000511
0,000729
-0,000109
0,001368
0,001419
0,001739
0,000735
0,001521
0,003343
0,004449
0,004673
0,004027
0,005613
0,007243
0,005178
0,004123
0,004826
0,003983
0,005728
0,005184
0,005351
0,004935
0,004993
0,006751
0,004603
0,006399
0,00996
0,00856
0,011564
0,011443
0,008643
0,009793
0,013802
0,008643
0,01003
0,009966
0,010887
0,010695
0,009308
0,007837
0,009666
0,007467
0,007409
0,00824
0,004705
0,005242
0,00365
0,0031
0,003043
0,002921
-0,000582
0,000748
-2,6E-05
-0,001016
-0,001841
-0,0011
-0,001841
-0,001362
6,4E-05
-0,001637
0,000256
0,000825
0,001649
0,002205
0,001739
0,001662
0,003516
0,003829
0,005331
0,003056
0,003701
0,004168
0,00202
0,001387
0,000908
0,000371
0,000556
-0,001144
-0,000288
-0,001835
-0,003254
-0,005747
-0,00475
-0,007243
-0,007914
-0,007371
-0,006949
-0,007141
-0,00693
-0,00808
-0,007096
-0,009499
-0,009135
-0,009122
-0,009416
-0,009717
-0,008419
-0,009832
-0,008451
-0,008074
-0,009819
-0,009423
-0,009257
-0,009857
-0,007256
-0,007173
-0,005843
-0,00654
-0,006917
-0,008163
-0,006175
-0,007473
-0,005568
-0,008438
-0,010158
-0,010688
-0,010426
-0,012069
-0,011046
-0,01214
-0,011181
-0,01136
-0,010299
-0,008751
-0,007121
-0,006162
-0,003714
-0,001943
-0,003669
0,000115
-0,000786
0,001624
0,003759
0,004257
0,005504
0,007032
0,006949
0,008528
0,006194
0,007281
0,005983
0,006265
0,005523
0,002845
0,002276
0,000703
-0,001758
-0,004986
-0,006731
-0,006731
-0,008489
-0,010669
-0,010772
-0,013329
-0,009608
-0,011865
-0,009065
-0,008803
-0,003874
-0,004002
-0,002078
-0,000678
0,000633
0,001381
0,003989
0,0011
0,000716
0,00209
-0,000805
-0,00326
-0,004622
-0,003868
-0,0042
-0,008253
-0,009014
-0,006655
-0,006457
-0,00351
-0,003292
-0,001112
0,001279
0,003695
0,005408
0,008215
0,007652
0,011456
0,013073
0,013252
0,015643
0,015464
0,013565
0,016442
0,018257
0,016634
0,015355
0,017075
0,015553
0,018462
0,017075
0,013968
0,015451
0,014281
0,012945
0,012888
0,011468
0,011123
0,008745
0,010669
0,008854
0,007083
0,007166
0,008867
0,007524
0,007697
0,007486
0,009512
0,009557
0,008982
0,009998
0,009493
0,010855
0,013284
0,008681
0,009244
0,009237
0,009039
0,00491
0,006265
0,00521
0,004162
0,003759
0,004929
0,001432
0,002506
0,000908
0,001656
-0,000153
-0,001585
-0,002845
-0,001151
-0,001272
0,00124
0,001349
-0,000991
-9,6E-05
0,00172
0,002058
0,003414
0,00358
0,002941
0,002308
0,003228
0,003669
0,004788
0,006246
0,006169
0,003893
0,007646
0,007102
0,003868
0,00498
0,003177
0,001899
0,002615
0,000403
0,000671
-0,000652
-0,002698
-0,001809
-0,003356
-0,003215
-0,003631
-0,005804
-0,002864
-0,006636
-0,004085
-0,00397
-0,003279
-0,004034
-0,005133
-0,002787
-0,002685
-0,000582
-0,001298
-0,000575
-0,002557
-0,00296
-0,00234
-0,001253
-0,003503
-0,004347
-0,00287
-0,003912
-0,002531
-0,002544
-0,001298
-0,000499
0,000774
-0,001106
-0,001521
0,000735
0,001432
0,004162
-0,001355
0,001489
0,002941
0,001892
0,0028
0,000703
0,003062
0,00342
0,001988
0,003113
0,003657
0,001931
0,005082
0,002487
0,003184
0,004436
0,0031
0,004667
0,00388
0,005395
0,005657
0,004552
0,00631
0,004775
0,005037
0,003222
0,002557
0,002397
0,003254
0,002167
0,000582
0,000825
0,003561
0,004475
0,002295
0,004737
0,005274
0,005261
0,003791
0,008758
0,009199
0,004424
0,008937
0,00996
0,010912
0,009576
0,008432
0,009109
0,00895
0,009455
0,010938
0,011743
0,011443
0,01205
0,013265
0,012824
0,014089
0,014134
0,013431
0,012613
0,012881
0,014294
0,013431
0,014984
0,01329
0,011833
0,011884
0,009461
0,007524
0,007844
0,005907
0,007946
0,004641
0,004162
0,004194
0,003931
0,001566
0,002794
0,001662
-0,000166
-3,8E-05
-0,001221
0,001413
0,00179
0,000109
0,004456
0,00163
0,003235
0,004871
0,003631
0,003446
0,003931
0,000984
0,001112
0,001975
0,00108
-0,001873
0,00131
0,000102
-0,000927
0,000518
0,000678
0,001617
0,002832
0,003158
0,002129
0,003829
0,003644
0,005491
0,004705
0,002691
0,003343
0,004449
0,002653
0,005683
0,004743
0,00296
0,004002
0,003983
0,004526
0,005037
0,005926
0,005357
0,005683
0,005427
0,00693
0,005395
0,006143
0,005798
0,005849
0,001566
0,002653
0,002563
0,000831
-0,001541
-0,001553
-0,003669
-0,003695
-0,00505
-0,006265
-0,008745
-0,005191
-0,007307
-0,008547
-0,010062
-0,010286
-0,010944
-0,012408
-0,013194
-0,015822
-0,015796
-0,014703
-0,014
-0,015221
-0,015694
-0,016966
-0,015438
-0,018992
-0,015649
-0,015592
-0,015579
-0,014204
-0,013284
-0,012165
-0,011647
-0,01065
-0,008042
-0,008432
-0,00691
-0,007396
-0,005287
-0,006361
-0,004967
-0,006278
-0,007741
-0,008764
-0,00948
-0,008349
-0,010529
-0,009474
-0,006527
-0,004846
-0,003458
-0,001266
0,001426
0,005114
0,007115
0,005197
0,006322
0,005184
0,005568
0,003925
0,001227
-0,002122
-0,003823
-0,00847
-0,008425
-0,008438
-0,011986
-0,008796
-0,011564
-0,009659
-0,007352
-0,006751
-0,003158
-0,003088
0,000141
0,002762
0,001777
0,004935
0,004417
0,006463
0,006578
0,008144
0,006015
0,006393
0,004948
0,005574
0,005146
0,00521
0,006891
0,005299
0,00537
0,003535
0,006757
0,008604
0,009026
0,009512
0,010586
0,009953
0,012383
0,012964
0,011954
0,015796
0,013917
0,01111
0,013335
0,011168
0,008604
0,007377
0,004782
0,002001
7E-05
-0,000339
-0,000256
-0,00567
-0,003158
-0,000908
-0,001151
0,001509
0,003548
0,00335
0,001502
0,003733
0,003848
0,005261
0,003088
0,003369
0,003247
0,000793
0,001298
-0,000754
7E-05
0,000633
0,002103
0,001464
0,005881
0,007179
0,008368
0,010772
0,011277
0,012434
0,012613
0,014556
0,014262
0,012414
0,010369
0,008323
0,008726
0,005114
0,004238
0,003158
0,003816
0,001036
0,00349
0,004174
0,004775
0,007096
0,009576
0,008074
0,011155
0,010382
0,011002
0,009768
0,008131
0,008394
0,00592
0,003983
0,00381
0,001119
0,000384
0,001994
-0,002071
0,00094
0,001784
0,002576
0,000742
0,003727
0,005197
0,005172
0,004142
0,004392
0,004941
0,002889
0,001867
7,7E-05
-0,001489
-0,002257
-0,002595
-0,005204
-0,004507
-0,004302
-0,006226
-0,003542
-0,004724
-0,007441
-0,007377
-0,006878
-0,00707
-0,007518
-0,007313
-0,006246
-0,007908
-0,009467
-0,006616
-0,009525
-0,011385
-0,010631
-0,013137
-0,011053
-0,012491
-0,012453
-0,013508
-0,0126
-0,014121
-0,013137
-0,012657
-0,011168
-0,008374
-0,009199
-0,009276
-0,007761
-0,006981
-0,006936
-0,005626
-0,004545
-0,003733
-0,00296
-0,005018
-0,004047
-0,004072
-0,004443
-0,004711
-0,002909
-0,001483
-0,001592
-0,001227
-0,000703
0,001528
0,000185
0,00225
0,000109
0,002314
0,000812
-0,000352
0,000153
-0,001304
-0,001675
-0,003337
-0,004475
-0,004277
-0,003842
-0,005626
-0,005619
-0,003471
-0,00489
-0,002941
-0,001975
-0,00131
-0,001157
0,000275
0,001061
0,003113
0,002583
0,003139
0,003925
0,004315
0,006214
0,006393
0,009499
0,008528
0,007415
0,008624
0,009014
0,008509
0,006846
0,004641
0,001643
0,003299
0,003094
0,001924
0,001112
-0,001879
0,000185
-0,00039
-0,000825
0,000953
-0,000499
0,000678
0,003573
0,00202
0,003893
0,003791
0,005747
0,006015
0,003791
0,006655
0,005082
0,004066
0,004705
0,004852
0,001886
0,001994
0,003177
0,000479
0,001707
0,000767
0,002001
0,001668
0,003337
0,001899
0,003446
0,003829
0,005044
0,005555
0,005031
0,005434
0,005095
0,001918
0,001592
-0,00062
0,001004
-0,00094
-0,00287
-0,001624
1,9E-05
-0,000889
-0,000984
-0,003772
-0,003017
-0,003727
-0,003874
-0,004174
-0,004973
-0,006284
-0,004015
-0,006047
-0,005108
-0,005287
-0,008982
-0,005626
-0,007345
-0,008406
-0,007396
-0,006853
-0,003554
-0,007141
-0,004801
-0,005351
-0,003791
-0,005434
-0,004494
-0,005427
-0,006642
-0,005894
-0,006482
-0,007147
-0,00957
-0,007614
-0,009199
-0,009007
-0,008278
-0,0098
-0,008918
-0,007901
-0,006028
-0,004628
-0,004078
