-0,027446
-0,046114
-0,058773
-0,063411
-0,069802
-0,070601
-0,049826
-0,019023
0,016529
0,04828
0,077727
9,9999E+34
9,9999E+34
9,9999E+34
9,9999E+34
9,9999E+34
9,9999E+34
0,066778
0,037627
0,008932
-0,009763
-0,020346
-0,019187
-0,011584
-0,008439
-0,022988
-0,042313
-0,059091
-0,070283
-0,081004
-0,081454
-0,074275
-0,060854
-0,039337
-0,019351
0,002811
0,014888
0,026266
0,028378
0,034869
0,033085
0,035033
0,040714
0,048899
0,052754
0,05152
0,049826
0,041201
0,028214
0,015386
0,002975
-0,012246
-0,022162
-0,027282
-0,033556
-0,036367
-0,042641
-0,041487
-0,040333
-0,041487
-0,036367
-0,028436
-0,023814
-0,014724
-0,011584
-0,000328
0,006782
0,016206
0,019123
0,023671
0,027727
0,030326
0,034705
0,035033
0,035033
0,034705
0,027404
0,017826
0,007772
0,004299
-0,004633
-0,005294
-0,005792
-0,005956
-0,009429
-0,009927
-0,013072
-0,015057
-0,015883
-0,016381
-0,016047
-0,013236
-0,012908
-0,009763
-0,006952
-0,011912
-0,010922
-0,006618
-0,00513
-0,004468
0,000498
0,001159
-0,001488
-0,003309
-0,000498
-0,005792
-0,002314
-0,001652
0,002483
0,003309
0,000334
0,000164
0,001324
0,006284
0,011912
0,012241
0,011912
0,012738
0,012405
0,007444
0,008603
0,006618
0,000334
-0,00215
-0,004135
-0,007116
-0,006618
-0,003473
-0,001652
0,003309
0,005125
0,001985
0,001821
0,004633
0,002319
0,001821
0,005956
0,005459
0,007942
0,006449
0,005125
-0,000164
-0,000328
-0,00629
-0,006952
-0,005792
-0,001324
-0,001652
-0,001652
0,000164
0,000826
0,002483
0,009096
0,010589
0,012241
0,010589
0,013564
0,014062
0,015221
0,016688
0,017339
0,011912
0,010753
0,010091
0,007608
0,006782
0,004135
0,002319
-0,000328
-0,00215
-0,006952
-0,003473
-0,009101
-0,011912
-0,009101
-0,011584
-0,009265
-0,014062
-0,008768
-0,010589
-0,009429
-0,004299
-0,001159
0,002483
-0,00099
0,003309
0,001159
0,005125
0,002483
0,002975
0,001324
-0,006782
-0,011251
-0,016217
-0,013734
-0,007942
-0,004468
-0,002314
0,003637
0,003637
0,004961
0,003637
0,008434
0,009265
0,015057
0,011743
0,014062
0,011743
0,008768
0,005956
0,006946
0,001657
-0,002483
-0,004797
-0,007116
-0,011748
-0,008937
-0,004961
-0,007444
-0,003145
-0,005792
-0,001324
-0,000498
0,000334
0,000334
0,001324
0,004299
0,00728
0,005125
0,00314
0,001657
0,004135
-0,000164
-0,00215
-0,001985
-0,001324
-0,003807
-0,00099
-0,000498
0,001657
0,002319
0,001159
-0,000662
-0,002811
-0,003807
-0,005459
-0,004468
-0,005792
-0,004797
-0,007116
-0,003807
-0,007444
-0,005628
-0,006952
-0,003971
-0,007942
-0,004961
-0,005294
-0,00629
-0,004961
-0,005956
-0,00099
-0,000164
-0,001159
0,001985
0,006946
0,00314
0,001821
0,003801
0,004135
0,000334
0,001985
0,000662
-0,006782
-0,002811
-0,004633
-0,003145
-0,000164
0,000498
-0,003807
-0,003971
-0,004468
-0,004468
-0,002483
-0,000328
0,00314
0,006782
0,007444
0,009758
0,011743
0,015386
0,0134
0,012902
0,011579
0,011251
0,004633
0,006449
0,002811
0,000995
0,002647
0,001821
0,002975
0,006284
0,002811
0,000662
0,002811
0,003309
-0,001652
0,000826
0,000995
0,000498
-0,000662
0
0,003971
0,002975
0,004463
0,009096
0,007608
0,00827
0,002483
0,000498
-0,000662
-0,003473
-0,003637
-0,000164
-0,002811
-0,002483
-0,002811
0,000334
-0,00215
-0,002314
0,000164
0,001821
0,002811
0,003971
0,001985
0,005294
0,00711
0,004299
0,00612
0,002811
0,00314
0,003801
0,00314
0,005294
0,002319
-0,000662
0
-0,003971
-0,00612
-0,004299
-0,001488
-0,003971
-0,002483
-0,001324
-0,001324
-0,000826
-0,002811
0,002811
0,001324
0,003637
0,000826
0,003637
0,001324
0
-0,003145
-0,001985
-0,003309
-0,003807
-0,003145
-0,002975
-0,004299
-0,003473
-0,005792
-0,002647
-0,002811
-0,000498
0,000662
-0,001159
0,000826
0,001324
0,003637
0,001985
0,00711
0,006618
0,00612
0,001488
-0,000826
0,00314
0,000826
-0,000164
-0,000662
-0,001821
-0,001159
-0,001821
-0,001159
-0,000826
-0,002811
-0,005294
-0,00099
0,005125
0,006946
0,007444
0,003801
0,002647
0,00215
0,006946
0,008603
0,011912
0,009758
0,004797
0,003801
-0,000328
-0,001652
-0,002647
-0,001652
0,004633
0,005956
0,00711
0,000662
0,000164
-0,003807
-0,004468
-0,006782
-0,001488
0,000662
0,001159
-0,002647
0,000498
-0,007116
-0,011251
-0,013734
-0,011584
-0,010922
-0,001324
-0,009599
-0,006782
-0,012246
-0,011912
-0,010589
-0,004961
0,000334
0,00314
0,002975
-0,003145
-0,006618
-0,005956
-0,005294
0,001821
0,005294
0,008932
0,010091
0,004633
0,001821
0,001821
0,004299
0,004135
0,007772
0,007942
0,001159
0,001488
-0,000164
-0,000498
0,000662
0,000826
0,001821
0,001657
0,001488
0,002811
-0,003473
-0,003971
-0,000328
0,001985
0,002647
0,005956
0,003971
0,006782
0,005294
0,003637
0,000164
0,003309
0,003309
0,000995
0,003801
0,003473
-0,001488
-0,004135
-0,009101
-0,003473
-0,004633
-0,003309
0,005294
0,001985
0,007444
0,004463
0,001488
-0,001821
-0,004135
-0,003473
-0,003309
-0,002647
0,000826
0,002975
0,004463
-0,000498
-0,000164
-0,001985
-0,000662
-0,001159
0,000995
0,004463
0,00711
0,00314
0,002647
0,00215
-0,000662
-0,001652
-0,002483
-0,005294
-0,00728
-0,002975
-0,008937
-0,009429
-0,008768
-0,004633
0,000498
-0,001159
-0,005459
-0,004797
-0,002811
-0,004299
-0,004633
-0,002647
0,000498
-0,000662
0,000995
0,003473
0,004633
0,004299
0,004135
0,005956
0,006449
0,008603
0,006782
0,004299
0,008106
0,003801
0,00215
0,000826
0,003309
0,001657
0,001488
0,003971
0,00215
0,001324
0,003309
0,001324
0,002483
0,004797
0,002811
0,004797
0,008106
0,010255
0,00728
0,004135
0,003801
0,00215
0,004797
0,008106
0,00314
0,001821
0,002319
0,000164
-0,004468
-0,001159
-0,002314
-0,00099
0,003637
0,001324
-0,000328
-0,001324
-0,003309
-0,002811
-0,003309
0,001985
0,001488
0,003971
0,004135
0,002483
0,003473
-0,000164
0,001821
0,002483
0,004299
0,001821
0,009758
0,006284
0,005956
0,005623
0,009593
0,010255
0,00711
0,003971
0,002483
0,000498
-0,000164
0
0,003637
0,001985
-0,002314
0,003473
0,003637
0,001657
-0,001652
0,000164
-0,001821
-0,001159
0,000826
-0,00099
0,000662
0,003309
-0,002483
0,000826
-0,001159
-0,001652
0,001488
-0,002483
-0,001159
0
-0,002483
0,000662
0,000498
-0,002483
0,001985
-0,001821
0,000662
-0,004797
-0,002647
-0,002314
0,000498
0,000662
-0,000662
-0,001985
0
-0,004468
-0,002314
-0,002647
0
-0,001159
0,001159
-0,002647
0
0,001985
0
-0,003637
-0,000328
0,000164
0,001985
0,005956
0,005956
0,007444
0,003971
0,003309
0,001821
0,003473
0,005125
0,005459
0,009927
0,008932
0,008603
0,004463
0,004961
0,005956
0,00314
0,005787
0,006946
0,005125
0,006618
0,004633
0,004633
0,004633
0,004633
0,00314
0,001159
0,001657
0,004797
0,002319
0,001488
0,001488
0,002319
0,004797
0,002975
-0,000498
-0,000164
-0,000498
0,002483
0,000662
0,002811
0,001324
0,004299
0,001324
0,000334
0,000826
-0,002314
-0,001652
-0,001821
-0,00215
-0,001985
-0,005792
-0,000498
-0,002811
-0,004299
-0,001985
-0,004961
-0,000498
0,00215
0,001159
0,000498
0,003473
0,001159
0,002811
0,002647
0,002811
-0,000662
-0,002811
-0,001159
-0,003807
-0,004797
-0,002314
-0,001652
0,000334
-0,000328
-0,000498
-0,002811
-0,001652
-0,003971
-0,004299
-0,003807
-0,001488
-0,002314
-0,001652
-0,002483
0,001488
-0,000662
-0,004468
0,000498
0,001324
-0,001488
0,001324
0,000826
-0,000164
0,000826
0,001985
-0,000164
0,003473
0,000826
0,000826
0,001657
0,000662
-0,000662
-0,001488
-0,002811
-0,001821
-0,003145
0,000334
-0,004961
-0,003309
-0,003309
-0,00215
-0,000662
-0,001985
-0,000498
-0,004633
-0,004961
0,000334
-0,00215
0
-0,000662
0,001324
-0,000328
-0,002811
0,000826
-0,004797
-0,000328
-0,00215
-0,003145
-0,00612
-0,000328
-0,002975
-0,002314
-0,001821
-0,00215
-0,001159
-0,001821
-0,001159
-0,000328
0,002319
0,003637
0,004135
0,000826
0,002483
0,001985
0,005294
0,004135
0,005459
0,002975
0,002975
0,005125
0,004299
0,001488
0,001985
-0,000328
-0,002314
0,004961
0,00215
0
-0,001159
0,00215
-0,000498
-0,000826
0
0,000164
0,002319
0,002647
0,000334
0,000662
0,002483
0,002647
0,003637
0,003637
0,000498
0,001488
0,003473
0,004463
0,002319
0,002975
0
0,000164
0,000662
0,002975
0,00314
0
0,002811
-0,00099
0,001657
0,001821
0,002483
0,000826
0,003637
0,002483
0,003971
0,000334
0,001657
0,001324
0,003473
0,002483
0,004463
0,000995
0,000498
0,004797
0,001821
0,002975
0,001159
0,001488
0,00215
-0,002314
0,000164
-0,001488
-0,001821
0,000995
0,000498
0,001324
0,000164
0,000662
0,001488
0,003309
0,004463
0,00215
0,000662
0,006782
0,001821
0,004135
0,002319
0,000662
0,001657
0,001657
-0,001159
-0,002975
-0,000662
-0,002483
-0,001488
-0,00099
-0,002483
-0,002975
-0,006618
-0,00513
-0,00612
-0,002811
-0,004961
-0,005628
-0,004299
-0,002647
-0,00215
-0,003807
-0,003971
0,000662
0,001488
-0,00215
-0,002975
-0,002811
-0,001985
-0,001324
0,000826
-0,001324
-0,002975
-0,000662
-0,001324
-0,000826
-0,000498
-0,000662
-0,000498
0,000334
-0,001324
-0,001488
-0,000662
0,000334
0,00215
0,001657
0,002647
0,004299
0,002811
0,001324
0,002811
0,004299
0,004463
0,003637
0,00215
0,001985
0,000826
0,00314
0
0,002647
0,001324
0,000826
0,003971
0,002811
-0,001324
0,001985
0,002811
0,000995
0,001657
-0,001985
0,001821
0,002975
0,00215
-0,001488
-0,002647
-0,003145
-0,002314
0,001657
-0,000662
-0,001652
-0,000826
-0,001821
-0,000826
0,000498
-0,00099
-0,000826
-0,003637
-0,003145
0,001324
0
0,002975
0,000995
0,000334
0,000498
0,002647
0,000334
0,000995
0,00314
0,000334
0,000498
-0,000328
-0,000662
0,001985
0,000164
0,001324
-0,002483
-0,000164
-0,000164
-0,000164
-0,001488
-0,002483
-0,000328
0,001657
0,001985
0,00215
0,002483
0,001821
0,002483
-0,00099
0,001324
0,001657
0,00215
0,002975
0,001985
0,002647
0,001324
0,001985
-0,000164
0,002319
0,002975
-0,001488
0,00215
0,001821
0,000164
-0,000826
0,000498
-0,003309
0,000164
-0,000164
-0,001159
0,001324
-0,003473
0,001821
-0,001821
-0,000328
-0,00099
0,001159
-0,001159
0,000662
-0,000498
-0,001985
0,000995
0,001159
0,001657
0,000164
0,001657
0,003971
0,002483
0
0,000498
0,000995
0,001657
0,002647
0,001985
0,000164
0,001985
0,003971
0,003309
-0,001324
-0,000662
0,000826
-0,000498
0,000334
0,000334
0,000662
-0,001488
0,000498
0,001821
0,003801
0,000662
0,000498
0
0,00215
0,002319
0,001488
-0,001821
0,001488
0,002811
0,000164
0,001821
-0,001488
0
-0,00099
0,000498
0,001488
-0,000662
-0,000164
0,001821
0,004135
-0,001652
0,001657
0
0,002319
0
0,001324
0,002483
-0,003309
0,001488
0,001821
-0,003473
-0,000328
-0,001652
0,001657
0,001159
0,001488
0
0,001657
0,001985
-0,001985
0,004299
-0,000164
0,002811
-0,002647
0,000995
-0,001159
-0,000498
-0,000328
0,001159
-0,004135
-0,002975
-0,001159
-0,002975
-0,002314
-0,00099
-0,000498
0,000164
0,000995
-0,000826
-0,00215
-0,002647
0,000995
-0,00099
0,001324
-0,000826
-0,002811
0,000164
-0,000826
-0,000328
-0,001652
0,000334
-0,000328
-0,00099
0,001324
0,000662
0,003473
0
0,003473
0,00215
0,001821
0,003971
0,001488
-0,001652
0,001821
0
-0,000498
0,000164
0
0,000662
-0,003637
-0,001159
0,002811
0,000164
-0,000498
-0,002811
0,004299
0,000498
0,005787
0,001985
0,000164
-0,000662
0,001159
-0,001488
0,001159
0,000498
-0,002811
0,000995
0,000164
-0,00215
-0,000826
0,002647
-0,001488
0,001985
0,000995
-0,002483
-0,003807
-0,00215
-0,001324
-0,002314
0
-0,003145
0,001657
0,003309
0,000498
0,002483
0,000164
-0,000164
0,003637
0,004633
-0,000662
0,000498
0,002483
0,001324
0,000995
0,001985
0,001324
-0,000662
0,002647
0,002483
0,002811
0,001657
0,000995
0,004961
0,004463
0,003637
0,004299
0,004961
0,005623
0,005125
0,004463
0,001821
0,002483
0,001821
-0,000164
0,001985
-0,000164
0,001657
0,002811
0,000498
0,001159
0,002319
-0,000164
0,001488
0,001821
0,001488
0,000164
0,000662
0,003637
0,001488
0,000164
0,002975
-0,000498
0,000826
0,005787
-0,003473
0,003309
0,003637
-0,001324
-0,00215
-0,000662
0,001159
0,000164
-0,00099
-0,001821
-0,00099
-0,001159
0,001324
0,000826
0,000995
-0,003145
-0,000826
-0,001652
-0,002975
-0,000164
-0,000328
0,001159
0,000334
-0,003971
0,000164
0,000826
0,000826
0,001657
0,000995
-0,000498
0,00215
-0,000662
0,000334
0,00215
0,005787
0,000995
0,000164
0,000662
0,002647
0,000995
0,002483
0,000662
0,004299
0,001821
-0,001324
-0,000498
0,000334
-0,002647
-0,00215
-0,001159
0,000662
-0,001985
0,001324
-0,001159
0,00215
0,000164
0,000995
-0,002647
0,000164
0,000334
-0,001652
-0,001324
0,000498
-0,003309
-0,002647
0,000826
0,001657
-0,001159
0
-0,003473
-0,001985
0,000164
-0,00215
0,000498
0,002483
-0,002314
0,002975
0,000334
-0,000826
0,002647
0,00215
-0,001985
0
0,001324
0,003971
0,000662
0,001821
0,001657
-0,002975
0,002811
0,003801
0,000826
-0,000164
0,00314
0,001985
0,001657
0,002483
0,00215
0,002483
0,001657
-0,000498
0,002811
0,002975
0,001488
0,003971
0,003309
0,003971
0,000995
0,002319
0,001159
-0,000498
0
0,003801
0,002483
0,000498
0,002975
-0,000662
0,002975
0,002811
0,001657
0,000164
0,002811
-0,000498
0,000164
0
-0,001159
-0,001159
-0,000164
0,001159
-0,000164
0,000826
0,000995
0
-0,002314
0,000334
0,000662
0,001821
0,000164
0,00215
0,000164
0,002483
0,002647
0,000498
0,004463
0
0,001657
-0,000328
-0,001324
0,001488
0,001821
-0,000498
-0,000328
0,000995
0,001985
0,001821
0,000662
0,000995
-0,000662
0,001159
0,001324
0,001985
-0,00215
0,001159
0,002975
0,001821
0,001657
0,000995
0,000995
-0,001324
0,002319
-0,000826
0,001821
0,002483
0,00314
0
0,001821
0,002975
0,001159
0,001159
0,001324
0,001657
0,001985
-0,001985
-0,001985
-0,001324
-0,001652
-0,000164
0,001985
0,000662
0,001159
0,002975
0,000995
0
0,001159
-0,000498
0,001159
0,000334
0,001159
0,001324
0
0,001821
0,003309
-0,000826
-0,001324
-0,000164
-0,001159
0,002483
-0,001324
0,001821
0,000164
-0,001324
0,002811
-0,004797
-0,001652
0,000826
-0,00215
-0,001159
-0,00099
-0,001985
-0,000662
-0,000164
0,000995
0,001488
-0,002647
-0,002314
-0,001324
0,001488
-0,003473
0
0,002483
0
-0,001652
-0,000328
-0,001488
-0,000826
-0,00099
0,000498
-0,001652
0,001985
0,002811
0,001657
0,004797
0,002811
0,001821
0,000995
0,000662
0,001821
0,000662
0,000164
0,002483
0,000498
0,002975
-0,001652
-0,002314
-0,00099
-0,003637
-0,001159
-0,000328
-0,000662
-0,000498
0,001488
0,00215
0
-0,003145
-0,000164
-0,001985
-0,001488
-0,000328
-0,002647
0,000334
-0,000328
-0,001159
-0,002314
-0,000662
0,000995
0,001324
0,000164
0,000826
0,003637
0,001985
-0,000328
-0,000826
0,001324
0,000826
0,000826
0,001324
0,00215
-0,001821
-0,000328
-0,001652
-0,002483
0
-0,001652
-0,001985
-0,001985
-0,001159
-0,000164
-0,000164
0,000662
0,001488
0,000164
0
-0,002483
-0,001652
0,000164
0,00314
0,000498
0
0,001159
0,000164
0,000826
-0,000164
-0,001488
-0,000164
-0,001821
0,000164
0,000662
-0,002975
-0,001324
0,000995
-0,00215
0,002483
-0,000662
-0,004633
0
0,004299
-0,001652
-0,000164
0,001985
-0,001985
-0,000164
0,001985
0
0,000995
-0,001488
0,000826
0
0,001488
-0,000662
-0,000826
0,001324
0,002319
-0,001324
0,001488
0
-0,000498
0,001324
0,001159
0,001159
0,001488
0,003309
0,000498
0,001985
0,000164
-0,00099
-0,003145
0,001985
-0,001821
0,001657
0,000498
-0,000164
0,002483
0,002975
0,00314
-0,000662
0,003309
0,002483
0,001657
0,002975
-0,000328
-0,00099
0,000164
0,001657
0,002811
0,000498
-0,003637
-0,001821
0,000498
0,003971
0,003637
-0,000662
0,000826
0,001324
-0,001488
-0,000164
0,000826
-0,000164
0,000826
-0,004135
0
-0,000498
-0,00215
-0,000826
0,000334
-0,000164
0,001985
-0,001488
-0,000164
0,001324
-0,001488
0
-0,002647
0,000498
-0,000164
-0,001985
-0,000662
-0,000498
0,001821
0,00215
0,000662
-0,000164
-0,000498
0,00314
0,001821
-0,000498
0,000826
-0,000328
0,000164
0,001324
-0,002314
-0,001488
-0,00099
-0,001488
-0,001488
-0,002483
0
0,000995
0,000995
-0,001652
0,000826
-0,001159
0,002647
0,00314
0,000498
-0,001159
0,000995
0,000995
0,001324
0,000662
0,002319
0,001324
0,00314
0,000826
-0,000662
0,001821
0,000334
0,001324
0,001159
0,003309
-0,000826
-0,001488
0,001985
0,00215
-0,001652
0,000662
0,000995
0
-0,001652
0,002647
0
0,001488
0,001657
0,000164
-0,000662
0,004463
0,00215
-0,000498
0,000498
0,001159
0,000826
0,002811
0,004135
0,002647
0,002975
0,003801
0,001488
0,00314
0,002811
0,002319
0,000498
0,001821
0,000334
-0,00215
-0,000328
0,000498
-0,000498
0,000498
0,001488
-0,001159
0,000662
0,002483
-0,000826
0,001821
0,001657
0,004961
0,000164
0,001985
-0,000328
-0,001488
0,001324
-0,001821
0,000826
0,000995
0,000498
-0,001821
-0,003309
-0,001159
0,002319
0,000498
-0,00215
0,001821
0,002319
0,003473
-0,000498
-0,000498
0,001657
0
-0,000164
0,000662
0,00215
-0,001985
0,003309
0,000334
0,000498
0,000164
0,002647
0,004633
0,000498
-0,000164
0,001488
0,002483
0,000995
0,000334
0,003801
-0,000328
0,000662
0,001985
-0,000826
-0,000164
-0,000826
0,000662
0,001985
-0,000328
0,002975
0,00215
0,00314
-0,002314
0
0,000662
0
0,000164
0,002647
0,001488
-0,000328
0
0,000662
0,000498
0,003309
0,000995
-0,000164
0,001324
-0,002314
0,000662
-0,000498
-0,002647
0,000826
0,000334
0,001159
0,000164
-0,000662
0,000334
-0,001159
0,000498
0,000826
0,001488
0,000334
0,000826
0,001821
0,001821
-0,000826
0,002811
-0,001821
0,000498
0,00215
-0,002314
-0,000164
0,000334
0,000995
0,003801
0,00314
0,001488
0,001488
-0,000498
0,002647
0,001324
0,002647
0,003637
-0,001159
0,000334
0,003971
0,00314
0,00215
-0,001985
-0,00215
0,001324
-0,001821
-0,001324
-0,001821
0,001159
-0,001159
-0,00215
-0,001324
0,000826
-0,001159
0,000334
0,002319
0,001985
0,001324
0,000995
0,000662
0,003473
0,001985
0,001324
0,002975
0,000334
0,000334
0,001821
0,001324
0,002811
0,000498
-0,001985
0,001657
0,002319
-0,000662
-0,000826
0,003473
0,003801
0,002319
0,001657
0,001657
-0,000498
-0,001159
0,001657
-0,000328
-0,00099
0,002647
0,001985
0,00215
0,002483
-0,001324
0,000826
0,000826
0,000498
0,001159
0,002811
0,001657
0,000334
0,001657
0,002811
0
-0,000498
0,004797
0
0,003801
0,000334
-0,00099
0,000498
-0,001652
0,001821
-0,001159
-0,002975
0
-0,002314
-0,001821
-0,002975
-0,001652
0,002319
-0,000164
-0,000826
0
0,002811
-0,00099
0,002647
-0,00099
-0,002811
-0,001159
0,001821
-0,004797
-0,00099
0,000662
0,000164
-0,002811
-0,001985
-0,001985
0,000334
0,004299
0,001821
-0,000498
0,000334
0
-0,000328
-0,002811
-0,000164
0,001324
0,000995
0,000498
0,000995
-0,00099
-0,000164
-0,000164
-0,000826
-0,000164
-0,000826
-0,002647
0,001821
0,000164
0,000826
0,000164
0,001657
-0,001652
0,001488
0
0,00314
-0,001324
0,000164
0,002319
0,001821
-0,000826
0,003309
-0,000826
-0,000662
0,000662
0,002319
0,000826
-0,000328
-0,000662
0,002975
-0,000328
-0,001488
-0,001324
0,000662
0,000498
-0,000498
-0,00099
0,001488
-0,000498
0,000498
0,001159
-0,000328
0,001985
0
-0,000498
-0,000328
0,000826
-0,00215
0,000164
0,000164
0,000995
0,001821
0,00215
0,001821
0,001324
-0,00215
-0,00099
0,001488
0,001488
-0,001652
0,000826
0,00215
0,001159
0,003801
0,000995
0,001821
0,000826
0,001985
0,00215
0,000498
-0,001985
0,001159
0,001657
0,000498
0,001488
0,002483
-0,000164
0,000995
-0,002811
-0,002483
0,003637
0,001657
-0,000826
0,001159
-0,00215
-0,000498
-0,000328
0,000164
-0,001985
-0,001985
0,001657
0,000995
0
0,000995
-0,001159
-0,000164
0,00215
-0,000164
0,002975
0,000498
0,001488
0,001488
-0,00099
-0,00099
-0,000328
0,000826
0,001985
0,000826
0,000334
0,001159
0,001657
-0,004468
0,000995
0,000334
-0,000164
-0,00099
-0,001488
0,001821
0,002483
0,001488
0,000662
0,004961
0,001324
0,00314
-0,000498
0,000498
0,002811
0,002811
0,00215
0,000498
0,000498
0,002811
0,000164
0
-0,000662
-0,000328
0,000995
0,000995
-0,001488
0,001159
-0,002314
0,000662
0,000334
0,001985
-0,000164
0,000498
-0,000164
0
0,000662
0,000164
-0,002314
0,001985
0,001159
0,001159
0,002975
0
0,00314
0,001324
-0,000328
0,000662
0,000164
-0,002975
0,002319
0,003971
0,001324
0,001488
0,003309
0,000334
0,000498
-0,002811
0,003637
0,001159
0
0,001657
0,000164
0,000662
-0,000328
0,00215
0,00215
0,001488
0,002483
0,000334
0,001488
-0,000164
0,000498
0,001488
0,001324
0,001324
0,000334
0,000164
-0,000826
0,000164
0,000164
0,001821
0,001821
0,001821
0,00314
0,002483
0,00314
0,000995
-0,001159
0,000498
0,000995
-0,001488
0,001985
0,002647
0,001821
0,000826
0,002975
-0,00099
0,000995
0,001324
-0,001488
0,00215
-0,001652
0,004135
0,001324
0,002811
0,002647
-0,001985
0,001488
0,000334
0,001821
-0,000164
0,000826
0,002975
0,001159
0,000995
-0,000328
0,001985
-0,000164
-0,002647
-0,003971
0,001657
-0,000328
0,002319
0,001488
0,002319
0,002811
0,000498
0,000826
0,001324
0,005623
0,002647
-0,000498
0,001159
-0,000826
-0,002647
-0,000662
0
-0,00099
-0,000164
0,000995
0,003309
0,000164
0,001985
0,001821
0,001159
0,000334
0,001488
0,002319
-0,001324
0,000662
0,000826
0,000662
0,001488
0,002975
0,003309
0,001821
0,001488
-0,000498
0,000334
0,000995
0,004961
0,001159
0,001985
0,001159
0,00215
0,000995
-0,000662
0,000498
0,000164
0,004135
0,001488
0,004961
0,000826
0,001488
0,002483
0,004463
0,000995
0,003309
0,001488
0,000826
-0,00099
-0,001652
0,000826
0,000662
-0,000328
0,000995
0,001159
-0,001324
-0,000164
-0,000164
-0,002483
0,002319
0,002319
-0,001159
0,002811
-0,001488
0,002483
0,00314
-0,000328
0,001657
0,002483
0,002647
0,003309
0,004463
-0,000826
0,001324
0,000662
0,002319
0,000662
0,001324
0,003971
-0,000164
0,00314
0,000334
0,001488
0,001324
0,001657
-0,000328
0,000995
-0,001821
-0,001821
-0,002314
0,002483
0,000164
-0,00099
-0,002975
0,002811
0,001488
0,003637
0,00314
-0,000662
0,000334
0,000164
-0,003637
-0,000328
0,002483
0,000662
-0,000164
0,000662
0,003801
0,000498
-0,000164
-0,000498
-0,000662
0,000498
0,000662
-0,000826
-0,001488
0
-0,000498
0,002319
0,000662
0,002483
0,002319
0,001821
0,003309
0,001324
0,00215
0,000995
-0,00099
0,000498
0,000164
-0,000826
0,003309
-0,000328
0
0,000662
-0,000164
0,001821
0,001657
0,001657
0,002319
-0,000164
-0,00099
0,002483
0,002811
-0,001652
-0,001488
0,000334
0,000662
-0,001159
-0,001159
-0,001159
0,001324
0,000164
0,001324
0,000498
-0,001324
-0,002975
0,000662
-0,000498
0,000662
0,000662
0,000995
0,000826
0,001985
0,000334
0,001324
0,002647
0,002483
0,001821
0,000334
0
0,001324
-0,000498
0,001488
0,002319
-0,000164
0,000662
-0,003309
-0,000164
0,00215
-0,00099
-0,003473
-0,00215
0,001324
0,001324
0,003309
-0,00099
0,00314
-0,001488
0,001488
0,001488
0,001657
0,002811
0,000334
-0,000164
0,001159
0,000498
-0,000498
0,001488
-0,00099
0,000164
0,001159
0,000826
0,000826
0
0,000662
0,000334
0,000334
-0,001652
0,001657
-0,000164
0
-0,002811
-0,001652
0,000164
0,000662
0,000662
0,000498
0,002647
0,000498
0,000164
0,001324
0,000662
0,000164
0,002975
-0,000662
0,001159
-0,00099
-0,000164
-0,002314
0,000826
0,000334
0,001159
0,001324
0,000334
0,001985
0,001159
0,002319
0,001324
0,00215
0,000662
-0,000164
0,000334
-0,002483
-0,000328
-0,001821
-0,001324
-0,000328
0,000995
0,002483
0,000334
0,004797
0,002811
0,002319
0,00215
0,001159
0,001488
0,001324
0,001488
0,000498
-0,003145
0,000334
-0,001324
0,000662
0
0,00314
-0,00215
0,000334
-0,000826
0,001324
0,000334
0,001985
-0,002314
0,000662
0,001821
0,000334
0,002483
0,001657
0,000498
0,00215
-0,000328
0,001159
0,000164
0,001657
-0,000662
0,001324
0,002483
0,00314
0,003309
0,001488
0,000826
0
-0,001821
0,002975
0,004135
0,000164
0,002647
-0,000164
0,000826
0,000498
0,001324
-0,001821
0,000662
0,001324
-0,002647
-0,001324
0,000334
-0,001324
0,000334
-0,000826
-0,001159
0,001324
-0,002314
-0,001324
0,002319
0,002647
-0,001985
0,000995
0,000334
-0,000328
0,00215
0,003637
-0,001159
0,001488
0,004797
0,001985
0,001985
0
0,001985
-0,00099
-0,00099
0,000995
-0,001488
0,000995
-0,001821
0,002483
0,000164
-0,000498
0,000826
-0,000328
0,001159
-0,001652
0,001488
0,003473
0,001488
0
0,002975
-0,000498
0,00215
0,000826
0,002483
-0,000826
0,001821
0,000334
0,002647
0,000164
0,001985
0
-0,001985
-0,000164
0,001159
0,000164
-0,000164
0,000662
0,001159
-0,002647
-0,000498
0,001324
-0,00099
0,001657
0,001985
-0,001159
0,000826
0,003971
0,00215
0
0,000826
0
-0,001159
0,000164
0,000498
-0,001821
-0,000498
0,000498
0
0
0,001488
0,001821
-0,001324
-0,00099
0,001657
0,000334
0,000164
-0,000826
-0,001159
0,000498
0,001821
-0,001159
0,000334
0,001488
0,00215
0,001821
0
0,001488
0,001657
0
0,001821
0,00215
-0,000662
0,001821
0,000164
-0,004135
-0,000826
0,001324
0,002319
0,00314
0,000995
0,001821
-0,000662
0,004135
-0,001324
0,000995
0,000334
0,001159
0,00314
0,001488
-0,002483
-0,000328
-0,000498
0
-0,001821
0,001488
0,000662
0,000164
0,000826
0,000662
-0,001985
0,000164
0,000164
0,000662
0,001324
0,001324
-0,001488
0,001657
-0,00099
0,004463
-0,000498
0,000498
0,002483
-0,00099
-0,000498
0,000498
-0,000662
0,000164
0,001159
0,000334
-0,000826
0,000164
0,000826
0,002319
0,000164
0,000662
-0,001488
0,000662
-0,000826
-0,000164
0,001159
0,001657
0,001324
0
0,001821
-0,000498
0,001324
-0,000826
-0,002314
0,002319
0,00314
0,002647
-0,001652
-0,001985
-0,00099
0
0,000995
-0,001324
-0,000164
-0,003145
-0,000328
0,001657
-0,000164
0,001159
-0,00099
-0,000662
0
0,002811
0,000826
0,001488
0,000498
0,000498
-0,001985
0,001159
0,000164
0,004463
-0,001488
-0,000662
0,001159
0,002811
0,000995
0,001159
0,000662
0,002319
0,001657
0,003473
0,000826
