-0,011769
-0,014115
-0,008921
-0,007142
-0,00531
-0,003346
-0,001445
-0,001382
-0,001382
0,000964
0,00837
0,007804
0,010779
0,009514
0,01097
0,010081
0,015656
0,014771
0,017922
0,017355
0,018361
0,018176
0,022448
0,023581
0,025657
0,024968
0,024211
0,02572
0,024275
0,029183
0,026414
0,027796
0,031068
0,032264
0,026287
0,024905
0,029056
0,030628
0,027483
0,030941
0,027547
0,025535
0,026541
0,025784
0,023835
0,02679
0,025344
0,022893
0,022766
0,022448
0,022639
0,018679
0,021824
0,01654
0,014454
0,017731
0,017922
0,014898
0,017355
0,015026
0,013755
0,009133
0,00755
0,007232
0,005459
0,00755
0,005459
0,005776
-0,000556
-0,002457
-4,8E-05
-0,001572
-0,00233
-0,003913
-0,006322
-0,00423
-0,008095
-0,00873
-0,008667
-0,009424
-0,009996
-0,010504
-0,006639
-0,011706
-0,011388
-0,012214
-0,015507
-0,011325
-0,011261
-0,014305
-0,012971
-0,010631
-0,012532
-0,013289
-0,013416
-0,01519
-0,015952
-0,014745
-0,013416
-0,019261
-0,015634
-0,014554
-0,017096
-0,017858
-0,01888
-0,016397
-0,016333
-0,017223
-0,014872
-0,017032
-0,018816
-0,017795
-0,018626
-0,019261
-0,016969
-0,018366
-0,016524
-0,017413
-0,014554
-0,014178
-0,016397
-0,012971
-0,01348
-0,014115
-0,01025
-0,007968
-0,006957
-0,009678
-0,010314
-0,00575
-0,007142
-0,009678
-0,004802
-0,006576
-0,00512
-0,002393
-0,00512
-0,002774
-0,004611
-0,004167
-0,00423
-0,005183
-0,007714
-0,001064
-0,004484
-0,005623
-0,00252
-0,006004
-0,001001
-0,005183
-0,006766
-0,004167
-0,002584
-0,000302
0,001027
0,000138
0,000138
0,006157
0,007423
0,007867
0,010843
0,009451
0,012871
0,013315
0,014263
0,012617
0,0161
0,018552
0,01439
0,015216
0,018049
0,017673
0,018049
0,017355
0,011669
0,01097
0,010589
0,009133
0,007867
0,006157
0,00666
0,006978
0,007423
0,006851
0,006406
0,00413
0,005903
0,006406
0,00305
0,002102
0,003367
0,003748
0,003685
0,004447
0,00432
0,005967
0,006851
0,007995
0,006157
0,007486
0,007995
0,008942
0,007613
0,009387
0,008561
0,008243
0,009832
0,007423
0,010462
0,005649
0,004887
0,008122
0,007359
0,002795
0,003431
0,001662
0,001154
-0,000683
0,000265
-0,003028
-0,005183
-0,002647
-0,007777
-0,006322
-0,004929
-0,006639
-0,006957
-0,006004
-0,012405
-0,007587
-0,011833
-0,01088
-0,011579
-0,010059
-0,010314
-0,010377
-0,005877
-0,007333
-0,005623
-0,006322
-0,004421
-0,008032
-0,001758
-0,00233
-0,002266
-0,002202
-0,002584
-0,003155
0,000265
-0,004167
-0,003346
0,000646
-0,001382
0,0009
-0,001001
0,001091
0,001027
0,001853
0,000646
-0,001636
0,000773
-0,002075
-0,000619
0,000773
0,000392
0,003367
0,000138
-0,000937
7,9E-05
-0,000747
0,001091
-0,001636
-0,000747
0,00242
0,003113
0,005141
0,001345
0,001281
0,00179
-0,002075
-0,001382
0,002923
0,001091
0,004003
0,003876
0,002356
0,00242
0,001218
0,004066
-0,001382
0,000582
-0,002266
-0,000365
-0,002266
-0,000874
1,6E-05
-0,000238
-0,000429
-0,000175
0,000138
-0,002774
-0,002838
-0,001636
-0,002266
-0,00765
-0,000937
-0,001636
-0,006576
-0,003595
-0,006194
-0,003028
-0,004548
-0,00233
-0,007269
-0,00594
-0,003976
-0,003219
-0,006512
-0,005496
-0,004294
-0,009043
-0,007142
-0,00765
-0,003658
-0,00746
-0,009043
-0,006766
-0,010314
-0,004929
-0,005559
-0,003531
-0,00917
-0,00404
-0,009424
-0,002965
-0,005432
-0,008667
-0,006131
-0,00854
-0,007523
-0,004993
-0,00873
-0,008222
-0,012341
-0,008286
-0,004548
-0,009869
-0,007333
-0,010568
-0,00746
-0,007523
-0,00917
-0,008032
-0,008032
-0,01025
-0,007269
-0,008222
-0,007084
-0,007523
-0,006131
-0,012214
-0,006512
-0,00765
-0,003092
-0,005623
-0,003976
-0,007523
-0,008222
-0,00594
-0,005247
-0,004675
-0,003658
-0,001064
-0,004103
-0,002202
-0,003283
-0,003473
-0,005056
-0,003028
0,000964
-0,002457
-0,003219
-0,001636
-0,003155
-0,000429
-0,002838
-0,000429
0,002356
-4,8E-05
-0,003722
-0,000619
0,005268
0,001975
0,001281
0,001726
0,002165
0,005268
0,001662
0,001408
0,005713
0,00324
0,002986
0,007613
0,004193
0,007042
0,002356
0,003876
0,005141
0,005903
0,004193
0,001911
0,007931
0,002923
0,006597
0,004633
0,004193
0,007995
0,01097
0,006724
0,006978
0,00476
0,011415
0,00305
0,009768
0,010144
0,009451
0,009959
0,008243
0,009387
0,009069
0,008752
0,008625
0,010144
0,007804
0,010398
0,010906
0,00926
0,007296
0,007804
0,012553
0,011669
0,011415
0,009006
0,010525
0,009832
0,012998
0,009895
0,012299
0,010779
0,011161
0,010081
0,007296
0,010525
0,009832
0,008498
0,010589
0,010779
0,009641
0,008185
0,00603
0,008879
0,00755
0,009196
0,010017
0,008752
0,009451
0,008058
0,00584
0,005459
0,011034
0,006787
0,007867
0,008122
0,009451
0,007169
0,004574
0,007804
0,009451
0,006406
0,006348
0,003367
0,005141
0,005903
0,005268
0,004574
0,005204
0,006914
0,005141
0,002923
0,007232
0,005649
0,00413
0,005331
0,002356
0,005649
0,005713
0,007677
0,006851
0,00647
0,007169
0,009196
0,008942
0,007867
0,007804
0,00584
0,004633
0,005204
0,004696
0,006978
0,006533
0,00413
0,002483
0,006157
0,002737
0,003876
0,003367
0,003177
0,002165
0,00242
0,0009
-0,000874
-4,8E-05
0,001535
0,001154
-0,000111
-0,001509
-0,00341
-0,001255
-0,000556
0,001853
0,001599
0,000392
0,00432
0,001662
-0,000175
-0,000302
0,000582
0,004066
-0,000937
0,002229
0,004003
0,002483
0,003685
0,001027
0,002102
0,002674
0,003113
0,004384
0,005204
0,003558
-0,000302
0,002483
0,002356
0,001853
0,00432
0,005141
0,003812
0,002795
1,6E-05
0,00495
0,00476
-0,001821
-4,8E-05
0,00261
-0,000937
0,001345
0,001408
0,00432
0,004257
0,000964
0,001472
0,005268
0,002674
0,002165
0,002038
0,004696
0,005268
0,004193
0,007169
0,006597
0,003431
0,007613
0,007042
0,010843
0,005967
0,00755
0,008625
0,007613
0,009006
0,00926
0,00774
0,007677
0,004696
0,005713
0,00584
0,009768
0,005331
0,00495
0,008434
0,007677
0,007232
0,005649
0,004447
0,008185
0,004511
0,003177
0,005331
0,00305
-0,000937
0,004003
0,006533
0,005268
0,004066
0,00476
0,001345
0,006787
0,004384
0,006533
0,001853
0,003558
0,006533
0,005522
0,006094
0,004384
0,001662
0,005077
0,003812
0,001154
0,001535
0,002038
0,00305
0,000709
0,000455
0,000582
-0,000937
-0,001128
-0,001509
-0,003976
-0,004167
-0,003976
-0,005432
-0,00765
-0,00765
-0,003155
-0,006703
-0,00702
-0,009805
-0,008349
-0,007333
-0,010123
-0,00746
-0,009869
-0,010816
-0,011388
-0,011071
-0,009805
-0,007841
-0,008286
-0,009297
-0,010568
-0,009869
-0,006766
-0,007968
-0,00702
-0,006893
-0,005623
-0,006449
-0,00575
-0,006766
-0,006131
-0,004866
-0,003786
-0,002012
-0,00252
-0,00233
-0,003658
-0,00404
-0,002266
-0,004675
-0,005183
-0,004611
-0,007396
-0,004357
-0,003849
-0,00404
-0,003976
-0,002139
-0,000874
0,000709
-0,001001
-0,000111
-0,000556
-0,001758
0,003685
0,005395
0,003431
0,006597
0,004066
0,003812
0,008879
0,00476
0,009514
0,009768
0,007105
0,011542
0,013315
0,012934
0,014136
0,011669
0,012299
0,011796
0,012617
0,013188
0,014136
0,014517
0,016725
0,017546
0,01654
0,013125
0,010779
0,016349
0,01249
0,011351
0,008688
0,012998
0,010906
0,008058
0,00666
0,004447
0,003748
0,00242
0,005077
0,002038
0,003621
0,003304
0,002356
0,003494
0,001281
0,000265
-0,000619
0,001853
0,002674
0,002923
0,00179
0,0009
0,001408
0,00413
0,001281
0,004066
0,001726
0,000138
-0,000238
0,000582
0,002229
0,000837
-0,000238
-0,000365
0,000773
-0,001572
-0,000429
-0,001445
-4,8E-05
-0,002139
-0,002139
-0,003092
-0,004484
-0,001821
-0,00512
-0,004103
-0,003531
-0,007968
-0,004802
-0,006131
-0,008222
-0,008476
-0,011642
-0,010059
-0,009297
-0,008858
-0,009233
-0,010568
-0,008603
-0,009551
-0,008858
-0,008858
-0,007905
-0,007905
-0,007841
-0,008095
-0,007084
-0,006322
-0,006131
-0,00854
-0,005559
-0,007777
-0,008858
-0,004866
-0,007142
-0,005559
-0,005369
-0,0017
-0,003531
-0,003219
-0,007142
-0,002457
-0,004738
-0,006957
-0,008095
-0,006385
-0,00702
-0,004611
-0,003849
-0,005813
-0,006004
-0,006322
-0,005496
-0,003595
-0,006576
-0,005559
-0,006449
-0,007206
-0,006385
-0,003283
-0,003658
-0,002711
-0,002584
-0,005432
-0,004103
-0,002838
-0,001821
-0,002774
-0,001001
0,002038
0,002165
0,00242
0,003939
0,002923
0,003685
0,004887
0,00584
0,00647
0,007867
0,010017
0,007931
0,007613
0,007232
0,006787
0,009387
0,009514
0,006914
0,006787
0,008879
0,008434
0,011288
0,007169
0,009323
0,010779
0,008498
0,009641
0,012426
0,008434
0,011478
0,009641
0,006348
0,007105
0,011351
0,011161
0,008307
0,008307
0,007804
0,007296
0,007486
0,009705
0,005967
0,006978
0,004696
0,004633
0,004066
0,004193
0,002292
0,00324
0,003113
0,002674
-0,001001
0,002795
-0,00512
-0,003155
-0,003722
-0,00404
-0,002139
-0,00404
-0,007206
-0,008603
-0,006893
-0,012971
-0,011134
-0,00917
-0,011452
-0,013416
-0,012717
-0,013225
-0,012908
-0,014808
-0,010631
-0,015126
-0,013861
-0,016778
-0,016333
-0,014115
-0,015634
-0,014999
-0,015571
-0,014936
-0,019198
-0,018562
-0,016524
-0,017032
-0,013797
-0,017286
-0,015507
-0,016079
-0,012717
-0,014872
-0,013734
-0,01627
-0,018303
-0,01735
-0,01348
-0,017159
-0,013734
-0,016016
-0,015889
-0,016905
-0,015126
-0,015507
-0,015507
-0,013416
-0,012405
-0,013988
-0,011642
-0,015698
-0,015825
-0,016714
-0,014999
-0,015317
-0,015825
-0,014491
-0,014178
-0,013289
-0,012151
-0,017159
-0,014364
-0,012341
-0,010441
-0,011579
-0,017096
-0,010631
-0,008476
-0,013162
-0,009106
-0,012087
-0,008979
-0,011261
-0,010123
-0,009043
-0,006703
-0,006639
-0,004675
-0,004802
-0,003283
-0,007206
-0,006576
-0,007968
-0,00423
-0,003092
-0,004421
-0,00512
-0,002393
-0,003976
-0,003283
-0,003849
-0,002965
-0,004357
-0,005056
-0,003531
-0,00341
-0,001318
-0,00252
-0,000683
-0,006449
-0,003155
-0,003722
-0,00233
-0,001445
-0,002266
-0,001948
-0,005813
-0,002838
-0,003028
-0,002901
-0,00683
-0,005432
-0,003786
-0,006258
-0,003028
-0,007714
-0,005623
-0,004167
-0,006449
-0,004675
-0,006576
-0,004993
-0,009615
-0,007587
-0,00746
-0,009106
-0,007714
-0,007905
-0,011452
-0,011642
-0,013162
-0,012781
-0,017985
-0,014427
-0,013416
-0,01519
-0,014554
-0,014681
-0,014808
-0,014681
-0,015253
-0,017223
-0,012908
-0,014618
-0,013607
-0,016905
-0,013607
-0,017223
-0,014808
-0,017858
-0,015507
-0,011706
-0,014681
-0,009043
-0,013734
-0,011769
-0,011515
-0,011833
-0,010314
-0,011325
-0,012214
-0,011769
-0,009297
-0,007714
-0,010568
-0,007396
-0,008603
-0,008413
-0,00531
-0,008222
-0,006703
-0,00594
-0,007905
-0,005877
-0,008222
-0,005496
-0,00575
-0,004421
-0,002457
-0,003976
-0,002901
-0,003913
0,000201
-0,001948
-0,003092
-0,001382
-0,00233
-0,001001
-0,000365
0,001345
-0,001255
-0,000556
0,003812
0,002737
0,004257
0,002737
0,006597
0,004633
0,00603
0,007296
0,009959
0,009514
0,010843
0,009578
0,010589
0,009705
0,010017
0,009196
0,007042
0,010843
0,00837
0,013506
0,011732
0,010716
0,01268
0,009514
0,013818
0,013882
0,010716
0,011669
0,012045
0,013882
0,0161
0,013379
0,015407
0,013818
0,016349
0,013945
0,014644
0,016476
0,016349
0,014771
0,018425
0,019685
0,018297
0,0142
0,015153
0,019303
0,015529
0,017546
0,016979
0,016916
0,01268
0,017228
0,017673
0,018176
0,018615
0,020563
0,0161
0,018361
0,018679
0,016667
0,017355
0,017795
0,016852
0,019933
0,018112
0,01943
0,017043
0,016603
0,01943
0,016852
0,016852
0,017673
0,017546
0,016852
0,014136
0,017228
0,017922
0,014898
0,016286
0,01654
0,014517
0,013945
0,01268
0,015529
0,014073
0,011981
0,010779
0,010779
0,013188
0,013691
0,012426
0,016222
0,012362
0,012426
0,0142
0,014581
0,010906
0,012617
0,014644
0,014327
0,010589
0,011161
0,014835
0,014454
0,012744
0,011854
0,012617
0,017043
0,012934
0,014581
0,010081
0,012426
0,008879
0,013061
0,011478
0,011669
0,010906
0,012934
0,013061
0,013818
0,009006
0,011351
0,012744
0,011224
0,012998
0,014327
0,008879
0,010652
0,010144
0,00774
0,007169
0,010335
0,011351
0,006724
0,008561
0,012553
0,006724
0,009641
0,008815
0,007359
0,006597
0,006724
0,005967
0,007486
0,004384
0,006851
0,011161
0,007232
0,008243
0,00603
0,008243
0,006157
0,00584
0,006157
0,007169
0,009323
0,003812
0,00926
0,005459
0,004511
0,005077
0,008561
0,003748
0,00432
0,006533
0,005331
0,002547
0,005268
0,001472
0,003939
0,005141
0,003558
0,004447
0,003939
0,002859
0,000582
0,004696
0,002986
0,00305
0,001218
-0,000429
0,002547
0,000964
0,001091
0,00179
0,000582
0,000201
-0,000365
0,000709
-4,8E-05
0,001345
-0,001636
0,000138
0,000265
-0,002393
-0,00252
0,000709
-0,00233
0,001027
-0,001572
0,000773
-0,001255
0,002229
0,000201
-0,000683
-0,001128
0,000773
0,001154
0,0009
-0,002012
-0,002838
0,002165
-0,003155
-0,001382
-0,003283
-0,004294
-0,003658
-0,001191
-0,000874
-0,001318
-0,003595
-0,001255
-0,000937
-0,003786
-0,008159
-0,004167
-0,003595
-0,001758
-0,004929
-0,006703
-0,005056
-0,006258
-0,007396
-0,002901
-0,00423
-0,005686
-0,004357
-0,005496
-0,001318
-0,005183
-0,002393
0,000138
-0,002075
-0,002202
-0,002266
0,002165
-0,002075
-0,003092
-0,002838
-0,001885
0,001154
-0,001636
-0,000937
-0,002965
-0,004675
-0,001636
-0,003849
-0,00252
-0,003595
-0,001572
0,000582
-0,000238
0,002483
0,001726
0,001218
0,00305
0,000709
0,001599
0,002165
0,00413
0,001345
0,002795
0,003367
0,005903
0,005903
0,008307
0,007423
0,005014
0,010017
0,006157
0,00495
0,003304
0,007486
0,00432
0,005776
0,007613
0,005903
0,00837
0,007486
0,007486
0,004193
0,00755
0,006914
0,005077
0,008058
0,005522
0,005141
0,003621
0,001853
0,003621
0,007169
0,001091
0,005776
0,005014
0,004003
0,005014
0,001472
0,004823
0,005586
0,0009
0,005141
0,000455
0,002737
0,001853
0,005776
0,003748
0,00755
0,002483
0,000964
0,006851
0,002165
0,001408
0,002292
0,001662
0,003685
0,003939
0,00413
0,002674
0,00495
0,002795
0,004384
-0,000111
0,000519
0,006724
0,002356
0,002102
0,002986
0,003431
0,002483
0,000582
0,001911
0,00261
0,001911
7,9E-05
0,002165
0,002165
-0,000492
-0,002711
0,001472
0,002547
0,000328
-0,001191
0,003558
0,005014
0,000201
0,001154
7,9E-05
-4,8E-05
0,000646
-0,002202
0,000773
0,001091
0,00179
0,002165
-0,000238
0,00179
0,000519
-0,001128
0,000964
-0,000111
-0,001318
-0,000492
-0,003346
-0,002202
0,000582
0,000773
-0,001001
-0,000874
0,0009
-0,000175
-0,001948
-0,001885
0,002038
0,000265
-0,001064
-0,003531
-0,002711
-0,001445
-0,000747
-0,003028
-0,004103
7,9E-05
-0,003283
-0,002266
-0,006004
-0,003722
-0,007142
-0,005247
-0,003155
-0,004993
-0,006766
-0,004357
-0,006322
-0,005183
-0,007968
-0,008667
-0,007084
-0,003283
-0,006067
-0,004103
-0,006703
-0,008032
-0,003786
-0,006703
-0,005369
-0,005813
-0,004929
-0,003595
-0,004103
-0,002393
-0,000619
0,000582
-0,003658
-0,002647
-0,000429
1,6E-05
0,005268
0,000964
0,005395
0,001154
0,004574
0,005331
0,005713
0,00179
0,003367
0,001662
0,001599
0,001911
0,000646
0,000201
-0,0017
-0,002901
0,000519
0,000582
-0,002202
-0,002075
-0,000492
0,000837
-0,000556
-0,00252
0,001726
-0,003155
-0,00423
0,000265
-0,003531
-0,003913
-0,002393
-4,8E-05
-0,002965
-0,005432
0,000582
-0,004167
-0,001382
-0,007084
-0,004357
-0,002584
-0,003283
-0,002965
-0,005623
-0,003092
-0,002774
-0,001509
-0,000365
-0,003722
-0,003028
-0,004294
-0,00081
-0,001255
-0,000683
0,000455
0,000519
-0,001758
-0,000302
0,001218
0,002986
-0,002266
0,001472
0,001472
0,000709
0,001091
-0,001128
-0,000747
0,002102
0,003685
0,002986
0,002547
0,00324
0,002102
0,002356
0,005776
0,00179
0,00432
0,004066
0,003367
0,002547
0,004003
0,004574
-4,8E-05
0,001027
0,0009
-0,000238
0,000773
-0,004357
-0,003976
0,000392
-0,003219
-0,003722
-0,003913
-0,004611
-0,000747
-0,004802
-0,008603
-0,003595
-0,003473
-0,003283
-0,00575
-0,002012
1,6E-05
-0,003531
-0,002457
-0,000111
-0,001191
-0,002393
-0,003976
-0,00575
-0,001064
-0,002774
-0,002901
1,6E-05
-0,00512
-0,00575
-0,00594
-0,006322
-0,00252
-0,008413
-0,004167
-0,004357
-0,005559
-0,00341
-0,009043
-0,005877
-0,007333
-0,006957
-0,004675
-0,005183
-0,005056
-0,006512
-0,004929
-0,005877
-0,004993
-0,004993
-0,004675
-0,005496
-0,003722
-0,00531
-0,004167
-0,003722
-0,003092
0,000328
-0,002965
-0,0017
-0,003913
0,001472
0,001281
-0,001636
0,001408
-0,002266
-0,001382
-0,001758
1,6E-05
-0,001382
0,000773
-0,003219
0,001154
-0,000683
0,001408
0,000138
-0,001382
-0,00233
-0,001445
-0,000937
-0,004294
-0,004929
-0,001572
-0,005369
-0,003531
-0,003595
-0,004675
-0,003722
-0,000429
-0,00341
-0,006258
-0,008413
-0,004548
-0,006957
-0,00746
-0,009488
-0,005432
-0,006957
-0,005183
-0,006449
-0,006576
-0,008979
-0,006067
-0,004103
-0,007206
-0,007968
-0,006004
-0,006385
-0,003976
-0,004866
-0,005183
-0,007841
-0,006067
-0,006766
-0,006004
-0,005496
-0,00683
-0,008667
-0,006322
-0,007714
-0,009233
-0,010377
-0,007777
-0,007841
-0,010123
-0,010944
-0,008159
-0,013416
-0,008413
-0,011515
-0,011897
-0,009488
-0,009742
-0,00746
-0,01196
-0,009869
-0,012278
-0,011833
-0,008979
-0,009551
-0,00917
-0,00854
-0,008603
-0,010186
-0,006067
-0,006067
-0,00873
-0,010753
-0,007084
-0,008222
-0,006576
-0,009297
-0,011198
-0,00594
-0,008979
-0,00854
-0,007523
-0,008603
-0,007587
-0,007142
-0,011897
-0,009297
-0,004929
-0,008858
-0,008413
-0,005877
-0,005183
-0,003722
-0,005877
-0,004802
-0,000619
-0,002075
-0,000175
-0,002012
-0,002711
0,000582
-0,004167
0,001599
-0,000937
-0,000937
0,000455
0,002102
0,00261
0,002986
0,002483
0,001975
0,003621
0,001472
0,00179
0,000709
0,001853
0,000265
0,005776
-0,001636
0,003431
-0,003283
-0,001191
-0,001509
0,001726
-0,001128
0,001726
0,000138
0,001408
-0,001128
0,001027
-0,000492
0,001853
-0,000111
-0,00252
0,000201
0,000201
0,000455
-4,8E-05
0,000582
1,6E-05
-0,001445
0,001027
-0,001382
0,000328
-0,003092
-0,003913
-0,002774
-0,001318
7,9E-05
-0,001948
-0,001128
0,000265
-0,000619
-0,000937
-0,000429
0,000646
0,005204
0,002356
0,00324
0,00666
0,006157
0,004696
0,007105
0,004193
0,004384
0,00305
0,003431
0,007042
0,00495
0,00432
0,002795
0,006724
0,001027
0,002483
0,001154
-0,002711
-0,002838
-0,000492
-0,002457
-0,003786
-0,006131
-0,000683
-0,00531
-0,009869
-0,004993
-0,006703
-0,007269
-0,004611
-0,006703
-0,005877
-0,006576
-0,002012
0,001027
-0,003346
7,9E-05
0,001472
0,00242
0,003558
0,001154
0,004633
0,00413
0,00305
0,003748
0,001975
0,005522
0,005395
0,002229
0,004696
0,005649
0,006533
0,00413
0,005204
0,005331
0,006724
0,002547
0,006284
0,005586
1,6E-05
0,001027
0,005331
0,002795
0,003748
0,00305
0,001472
0,003113
0,00476
0,00179
0,001472
0,003685
0,005586
0,00666
0,006221
0,005268
0,00432
0,008307
0,006157
0,005713
0,01097
0,006851
0,007359
0,009832
0,007931
0,007359
0,006978
0,007232
0,004887
0,00774
0,005586
0,008122
0,004887
0,005331
0,003431
0,007232
0,004887
0,004823
0,004257
0,001726
0,003939
7,9E-05
0,000709
-0,000492
-0,001445
-0,001572
-0,00081
-0,001636
-0,002266
-0,002901
-0,002584
-0,001885
-0,0017
-0,000365
-0,003786
-0,001382
-0,003155
-0,001445
7,9E-05
0,000582
-0,001255
0,001345
0,000265
0,00305
-0,002711
0,000709
-0,001128
-0,002774
0,001281
0,002038
-0,000937
-0,000683
-0,002266
-0,000937
0,000455
0,001535
-0,000111
-0,001445
-0,003283
-0,003976
-0,002711
-0,002711
0,001281
-0,000683
-0,000683
-0,001128
-0,000365
0,001281
7,9E-05
0,00324
0,000519
0,003177
0,004633
0,00179
0,00242
0,002165
0,004823
0,002859
0,002038
0,003812
0,005776
0,005586
0,005141
0,00755
0,005395
0,005459
0,006978
0,004823
0,004066
0,005014
0,001975
0,007423
0,005967
0,000201
0,002923
0,003304
0,002859
0,001726
0,004696
0,003939
0,000392
0,004887
0,002986
0,001662
-0,000683
7,9E-05
0,001027
0,002483
-0,001636
0,001911
0,002737
-0,001572
0,000265
-0,001064
-0,001191
0,000646
0,001281
0,002165
-0,001318
-0,001821
-0,002393
-0,000683
0,000646
-0,003786
0,000328
-0,003658
-0,00341
-0,000302
0,000201
0,000837
-0,003092
-0,003473
-0,003722
-0,00252
7,9E-05
0,000201
-0,001064
-0,001128
-0,000492
0,001662
0,001345
-0,004675
-0,000175
-0,001948
-0,004294
-0,000683
-0,003219
-0,002901
-0,00081
-0,003531
-0,00423
-0,005369
-0,002202
-0,00423
-0,004611
-0,004993
-0,00081
-0,006194
-0,003028
-0,002075
-0,003913
-0,002838
0,001911
-0,002139
0,00242
0,001599
-0,001758
0,000773
-0,001885
0,000709
0,001599
0,003876
0,003367
0,003367
0,002986
0,002483
0,002229
0,003685
0,003431
0,001599
0,001975
0,002795
0,00179
0,001853
0,004447
0,002859
0,002229
0,003494
0,002986
0,003748
-0,000429
-0,000238
-0,000238
-0,002965
7,9E-05
0,001853
0,000709
0,000837
-0,000429
0,002038
0,001726
0,002483
0,003621
0,004696
0,002986
0,003367
0,004066
0,003812
0,003685
0,008434
0,003876
0,006724
0,008434
0,006914
0,008058
0,008752
0,009323
0,005903
0,009832
0,007169
0,011415
0,008122
0,012362
0,010081
0,010716
0,007296
0,009069
0,009895
0,013691
0,010335
0,008185
0,007804
0,008815
0,006724
0,010398
0,008879
0,006533
0,010271
0,00647
0,008815
0,005903
0,011796
0,007296
0,011605
0,006787
0,011034
0,009578
0,011097
0,008434
0,009705
0,00584
0,007867
0,008688
0,010462
0,012235
0,011981
0,013252
0,011854
0,011542
0,012045
0,010017
0,012045
0,009514
0,013755
0,01097
0,011669
0,010017
0,010716
0,009133
0,008498
0,012744
0,008688
0,010525
0,010398
0,007423
0,006914
0,00666
0,009451
0,009451
0,007995
0,00755
0,003876
0,00495
0,003177
0,005204
0,007613
0,005204
0,004887
0,004633
0,004066
0,004511
0,004384
0,004447
0,007804
0,005903
0,008122
0,005459
0,005713
0,011605
0,007232
0,009133
0,007486
0,010017
0,008122
0,007677
0,009768
0,008879
0,006914
0,007359
0,006533
0,003431
0,004066
0,00432
0,003621
0,007359
0,007359
0,002229
0,000582
0,000392
-0,003155
0,00242
-0,000937
0,000392
0,001472
-0,00341
0,001662
0,001154
0,003494
0,00413
0,004823
0,003748
-0,002266
-4,8E-05
-0,000238
0,002292
0,000582
0,003685
0,001345
0,002674
0,003304
0,004823
0,001535
-0,000175
0,003621
1,6E-05
0,003621
-0,00081
0,000519
0,002356
0,000773
0,000582
-0,001128
0,000455
0,000138
-0,001191
-0,001821
-0,001885
-0,002202
-0,001509
-0,002457
-0,00404
-0,00404
-0,002584
-0,002584
-0,00423
-0,00512
-0,003283
-0,004675
-0,004929
-0,002901
-0,00594
-0,005623
-0,004802
-0,005686
-0,008667
-0,010186
-0,009932
-0,009424
-0,007714
-0,007523
-0,007905
-0,007714
-0,008159
-0,008349
-0,008476
-0,011007
-0,009615
-0,008921
-0,009615
-0,010441
-0,010631
-0,008159
-0,013035
-0,011198
-0,010441
-0,011452
-0,012151
-0,008032
-0,011515
-0,008667
-0,009488
-0,00746
-0,007968
-0,009488
-0,008476
-0,008921
-0,007142
-0,008159
-0,010695
-0,006893
-0,010695
-0,009424
-0,011833
-0,011515
-0,010695
-0,00854
-0,00594
-0,010123
-0,00702
-0,007968
-0,010504
-0,009996
-0,010123
-0,007333
-0,010944
-0,008794
-0,009742
-0,012908
-0,010753
-0,012214
-0,010059
-0,008476
-0,007396
-0,01025
-0,011579
-0,013416
-0,011198
-0,011706
-0,011515
-0,010568
-0,009551
-0,009869
-0,01088
-0,012717
-0,009996
-0,010695
-0,011769
-0,011388
-0,011452
-0,007841
-0,010123
-0,009424
-0,006639
-0,006194
-0,007269
-0,007777
-0,007269
-0,008286
-0,006194
-0,006893
-0,005183
-0,007841
-0,006576
-0,008921
-0,006639
-0,005623
-0,003722
-0,006194
-0,006322
-0,004357
-0,006766
-0,010944
-0,010568
-0,007714
-0,010123
-0,009233
-0,009297
-0,007905
-0,00873
-0,009932
-0,006957
-0,008413
-0,008095
-0,008921
-0,010944
-0,00854
-0,008979
-0,010123
-0,011134
-0,01196
-0,011706
-0,010695
-0,00683
-0,008603
-0,007206
-0,012341
-0,007905
-0,009043
-0,008476
-0,007142
-0,009869
-0,007841
-0,007396
-0,010186
-0,005877
-0,005056
-0,00683
-0,007587
-0,008794
-0,007777
-0,006957
-0,003913
-0,004929
-0,005623
-0,007396
-0,008979
-0,005559
-0,006131
-0,007523
-0,007142
-0,007396
-0,008095
-0,008032
-0,004993
-0,008222
-0,004993
-0,006004
-0,001636
-0,003722
-0,005877
-0,002901
-0,003155
-0,008349
-0,001758
-0,002774
-0,002711
-0,002647
-0,004484
0,0009
-0,001821
0,000964
-0,002457
-0,000874
-0,002965
-0,000747
-0,002139
0,0009
0,001408
-0,001382
-0,000492
0,001027
0,003304
0,001599
0,000138
0,002483
0,00261
0,002483
0,00242
0,00305
0,002674
0,005395
0,002229
0,003876
0,005459
0,003748
0,003685
0,006094
0,007995
0,007296
0,002986
0,005268
0,007296
0,007296
0,00305
0,000773
0,005522
0,004574
0,001027
0,002859
0,001853
0,006787
0,003304
0,003812
0,001091
0,003621
0,00603
0,00603
0,004384
0,00584
0,001726
0,002292
0,005204
0,007804
0,00666
0,00324
0,005522
0,005268
0,006914
0,007995
0,007613
0,003558
0,00666
0,007804
0,005331
0,006597
0,006406
0,004574
0,003177
0,007359
0,009387
0,003367
0,006978
0,007359
0,00647
0,007613
0,007804
0,006533
0,005967
0,006284
0,008942
0,010081
0,008815
0,009133
0,007613
0,005903
0,004257
0,007042
0,005204
0,005141
0,00647
0,006978
0,00476
0,005459
0,005903
0,004823
0,004193
0,001408
0,004887
0,00584
0,00837
0,005204
0,007423
0,006221
0,005395
0,006348
0,002483
0,005395
0,006533
0,00666
0,006533
0,008625
0,006851
0,007105
0,009451
0,006597
0,007423
0,00495
0,007042
0,006724
0,005077
0,007105
0,008185
0,008625
0,006787
0,007042
0,008122
0,006094
0,00476
0,006284
0,006157
0,003876
0,007042
0,004066
0,003748
0,005713
0,004257
0,006094
0,00305
0,000837
0,005077
0,006284
0,005776
0,005331
0,005077
0,000709
0,00305
0,006851
0,005649
0,006597
0,002292
0,005967
0,003748
0,007232
0,004823
0,00837
0,007105
0,006348
0,002229
0,000837
0,003494
0,003367
-0,000111
0,001154
0,001975
0,004066
0,003177
0,002923
0,002737
0,002356
0,001218
0,007296
-0,000175
0,002795
0,001726
0,003876
0,002923
0,002795
0,004066
0,004447
0,003177
0,004193
0,002356
0,003876
0,002292
0,006094
0,005204
0,006978
0,004696
0,007232
0,006348
0,009069
0,005459
0,006597
0,00647
0,006157
0,005459
0,008498
0,005776
0,002674
0,004887
0,004887
0,005268
0,007804
0,002737
0,00432
0,002986
0,002102
0,002737
0,002356
0,002165
0,004633
0,001599
0,00495
0,002674
0,002737
0,001027
0,004384
7,9E-05
0,002674
0,003177
0,003621
0,003812
0,001345
0,006724
0,002292
0,00476
0,00476
0,003367
0,005776
0,007804
0,006724
0,001662
0,003304
0,004511
0,003939
0,000328
0,001408
0,002737
0,002674
0,003431
0,001911
0,004823
0,002547
0,004823
0,002859
0,001853
0,004511
0,002923
0,000201
0,001535
0,001975
0,000837
0,000455
-0,001128
0,000773
