0,009173
0,008521
0,007505
0,006795
0,006559
0,004481
0,003676
0,004091
0,00209
-0,000409
-0,001061
-0,006239
-0,007473
-0,012261
-0,014077
-0,018692
-0,022687
-0,028696
-0,03429
-0,045458
-0,051921
-0,059272
-0,062808
-0,064591
-0,065384
-0,068925
-0,073758
-0,077849
-0,082458
-0,086153
-0,08529
-0,081014
-0,0703
-0,052643
-0,035204
-0,017228
0,001215
0,022962
0,029016
0,048232
0,063805
0,077057
0,091734
0,103669
0,109499
0,122444
0,127283
0,130352
0,132666
0,132864
0,130755
0,125928
0,123435
0,118564
0,116627
0,109173
0,101802
0,089529
0,076858
0,062565
0,04914
0,024592
0,00987
-0,010625
-0,020693
-0,034814
-0,04012
-0,04712
-0,052081
-0,051806
-0,050182
-0,043259
-0,036035
-0,028607
-0,022739
-0,017829
-0,015182
-0,018091
-0,021837
-0,031452
-0,040101
-0,050016
-0,057284
-0,071623
-0,074838
-0,079805
-0,082637
-0,082094
-0,081698
-0,077261
-0,075676
-0,07069
-0,065985
-0,063038
-0,059797
-0,056472
-0,052119
-0,048552
-0,045189
-0,038778
-0,033747
-0,025807
-0,015432
-0,004513
0,005638
0,015413
0,02433
0,035728
0,045464
0,055782
0,062635
0,070472
0,072761
0,076059
0,074762
0,072333
0,066221
0,057163
0,050387
0,03739
0,030403
0,019907
0,016282
0,012587
0,011155
0,012849
0,015393
0,020495
0,023365
0,030084
0,035262
0,039212
0,042421
0,044633
0,043751
0,041539
0,036879
0,030729
0,021767
0,013022
0,00413
-0,009608
-0,018424
-0,027603
-0,033887
-0,03973
-0,041539
-0,043278
-0,04237
-0,038995
-0,037838
-0,033446
-0,032622
-0,031477
-0,030231
-0,031106
-0,031791
-0,036604
-0,038413
-0,041878
-0,047497
-0,055744
-0,055833
-0,061548
-0,064431
-0,066266
-0,066087
-0,066215
-0,062283
-0,058799
-0,05497
-0,049549
-0,046097
-0,041143
-0,036758
-0,031886
-0,028952
-0,023199
-0,022732
-0,020527
-0,020092
-0,018353
-0,015432
-0,013872
-0,010676
-0,009212
-0,0042
0,001713
0,002346
0,008918
0,010855
0,012376
0,016129
0,018526
0,017477
0,022777
0,023832
0,023653
0,028479
0,029623
0,03218
0,035556
0,038011
0,042792
0,047529
0,052272
0,057054
0,059029
0,063523
0,068222
0,07076
0,071393
0,073419
0,074014
0,075267
0,076839
0,077715
0,078284
0,077843
0,077798
0,079134
0,077792
0,078623
0,079793
0,078847
0,078661
0,077018
0,075164
0,073982
0,069347
0,067129
0,063153
0,060429
0,056364
0,051333
0,045848
0,043061
0,039065
0,035786
0,032641
0,029278
0,026517
0,024362
0,024823
0,023992
0,02254
0,021626
0,021339
0,021287
0,018622
0,016186
0,011302
0,008592
0,000422
-0,004961
-0,011897
-0,016359
-0,024241
-0,029515
-0,032564
-0,033804
-0,036265
-0,036892
-0,033369
-0,033037
-0,030819
-0,025385
-0,021447
-0,019689
-0,015771
-0,015445
-0,014339
-0,015726
-0,015349
-0,015592
-0,018487
-0,021441
-0,025142
-0,028006
-0,031707
-0,036898
-0,039244
-0,041552
-0,045106
-0,0451
-0,046788
-0,047318
-0,045388
-0,045209
-0,044665
-0,047663
-0,04735
-0,048111
-0,050936
-0,05102
-0,057789
-0,061273
-0,06617
-0,069667
-0,071994
-0,075593
-0,0793
-0,080943
-0,082318
-0,084069
-0,085239
-0,087739
-0,088857
-0,089919
-0,087886
-0,09121
-0,08965
-0,090168
-0,088941
-0,089618
-0,091319
-0,090775
-0,088365
-0,088103
-0,087106
-0,086083
-0,082145
-0,08148
-0,079716
-0,077562
-0,075273
-0,070843
-0,069238
-0,065639
-0,061011
-0,059279
-0,052119
-0,049658
-0,043764
-0,040005
-0,032475
-0,027597
-0,02123
-0,017906
-0,009934
-0,006955
-0,003554
0,002915
0,00831
0,009966
0,015151
0,018213
0,022272
0,027968
0,029707
0,032206
0,035786
0,040299
0,040894
0,044908
0,047548
0,048437
0,052547
0,053525
0,05692
0,057284
0,061318
0,060832
0,062302
0,062833
0,064482
0,064399
0,06626
0,067436
0,067091
0,069596
0,068996
0,068842
0,071028
0,071048
0,070306
0,072825
0,072505
0,072927
0,071342
0,069942
0,069545
0,068011
0,065473
0,066036
0,062008
0,064534
0,061561
0,058473
0,057591
0,056696
0,056057
0,056153
0,057144
0,055194
0,055891
0,055641
0,055117
0,053743
0,052976
0,05201
0,049453
0,047925
0,045637
0,043764
0,039513
0,03943
0,035383
0,033919
0,031011
0,030352
0,026644
0,025053
0,022483
0,020565
0,019971
0,018021
0,017222
0,015975
0,012274
0,010887
0,010484
0,008457
0,008662
0,003983
0,00351
0,002122
0,000601
-0,000959
-0,004296
-0,005312
-0,007045
-0,008956
-0,009563
-0,008381
-0,010478
-0,011909
-0,009141
-0,011353
-0,011398
-0,012568
-0,013111
-0,014198
-0,013629
-0,015003
-0,016781
-0,019427
-0,018711
-0,021581
-0,02153
-0,021959
-0,023531
-0,023359
-0,024049
-0,025149
-0,024439
-0,02417
-0,024119
-0,022623
-0,022368
-0,022099
-0,020718
-0,021479
-0,021307
-0,022253
-0,024183
-0,023685
-0,024375
-0,023224
-0,022585
-0,023902
-0,022374
-0,022572
-0,021089
-0,021952
-0,021575
-0,019165
-0,017989
-0,017586
-0,016135
-0,015866
-0,013789
-0,013719
-0,013437
-0,012932
-0,012472
-0,012466
-0,012651
-0,013137
-0,01299
-0,015598
-0,014824
-0,015074
-0,014677
-0,01554
-0,014166
-0,01494
-0,015515
-0,01554
-0,01563
-0,016122
-0,017247
-0,017394
-0,016576
-0,016646
-0,016122
-0,015879
-0,016634
-0,016723
-0,015425
-0,014588
-0,01657
-0,014511
-0,013309
-0,013533
-0,012536
-0,011341
-0,012012
-0,011545
-0,010362
-0,008988
-0,007965
-0,007678
-0,007703
-0,005785
-0,00576
-0,002589
-0,00147
0,001732
0,001189
0,003056
0,006182
0,005856
0,008668
0,009423
0,008783
0,008803
0,011705
0,011788
0,011398
0,012005
0,011551
0,011193
0,013661
0,013834
0,015195
0,015579
0,016678
0,016135
0,016621
0,01517
0,015937
0,016499
0,015739
0,016173
0,015835
0,012606
0,012677
0,01354
0,011698
0,014364
0,014946
0,014626
0,015457
0,01664
0,018449
0,016461
0,01648
0,01657
0,016531
0,016915
0,014901
0,012338
0,013968
0,014454
0,012255
0,01113
0,009825
0,007006
0,008553
0,006757
0,006354
0,006169
0,003369
0,002883
0,00264
0,001419
0,000767
0,000582
-0,004213
-0,00351
-0,005057
-0,004692
-0,005152
-0,006028
-0,008553
-0,005792
-0,007499
-0,006942
-0,007371
-0,008438
-0,008624
-0,007243
-0,00847
-0,00638
-0,008125
-0,00654
-0,004967
-0,007383
-0,007639
-0,006878
-0,007371
-0,006687
-0,006431
-0,006751
-0,006872
-0,004884
-0,004871
-0,004436
-0,005932
-0,006386
-0,008202
-0,008029
-0,008374
-0,008227
-0,011149
-0,012108
-0,012504
-0,014741
-0,016717
-0,017254
-0,019721
-0,019542
-0,021971
-0,020648
-0,022464
-0,023333
-0,024554
-0,023627
-0,023442
-0,023998
-0,024381
-0,025149
-0,025385
-0,027917
-0,027955
-0,028428
-0,027514
-0,029387
-0,029988
-0,028383
-0,029368
-0,0294
-0,028971
-0,031624
-0,031017
-0,029943
-0,03195
-0,032072
-0,032347
-0,031292
-0,030039
-0,030749
-0,028863
-0,028581
-0,026504
-0,026254
-0,023212
-0,021607
-0,017656
-0,014716
-0,014121
-0,009378
-0,006572
-0,005696
-0,001982
-1,9E-05
0,002052
0,003957
0,006143
0,005408
0,008886
0,009506
0,010951
0,010299
0,012242
0,010203
0,010791
0,010439
0,009039
0,011257
0,008911
0,009129
0,006962
0,00769
0,005383
0,005657
0,00778
0,006834
0,009014
0,009941
0,010887
0,009391
0,014025
0,015336
0,018705
0,02114
0,022125
0,021083
0,02504
0,026804
0,027399
0,028172
0,028179
0,028441
0,029201
0,029425
0,028032
0,027015
0,025916
0,025992
0,025193
0,023851
0,025743
0,024279
0,024918
0,024791
0,024202
0,025206
0,024976
0,024989
0,026005
0,026312
0,027763
0,029163
0,028128
0,028984
0,030646
0,032692
0,032347
0,032513
0,032449
0,033184
0,032251
0,03048
0,03188
0,030768
0,029534
0,029694
0,027047
0,026536
0,025718
0,023314
0,021933
0,019836
0,020111
0,018903
0,017273
0,015854
0,015822
0,012683
0,010861
0,01212
0,009883
0,009634
0,008048
0,007684
0,005478
0,00491
0,003669
0,001637
0,001445
-0,000403
-0,000754
-0,003024
-0,002819
-0,003439
-0,005344
-0,007358
-0,006783
-0,007703
-0,010778
-0,011475
-0,010439
-0,012881
-0,014492
-0,015636
-0,017177
-0,017343
-0,018334
-0,019382
-0,019357
-0,01999
-0,019996
-0,020226
-0,021613
-0,023122
-0,021051
-0,021978
-0,020821
-0,021703
-0,020482
-0,020635
-0,021959
-0,021076
-0,022048
-0,023928
-0,023621
-0,023768
-0,026325
-0,026018
-0,026779
-0,025443
-0,026536
-0,025596
-0,026459
-0,026811
-0,026024
-0,025737
-0,02637
-0,026395
-0,025321
-0,025871
-0,024599
-0,02504
-0,024938
-0,026875
-0,025507
-0,026606
-0,025449
-0,025494
-0,023467
-0,022208
-0,022265
-0,022355
-0,020047
-0,019766
-0,01836
-0,01843
-0,01595
-0,014997
-0,012427
-0,010305
-0,008119
-0,00606
-0,001911
-0,000268
0,001605
0,00264
0,006546
0,007268
0,008892
0,009787
0,013508
0,015029
0,015464
0,019491
0,020124
0,022515
0,025123
0,02713
0,029438
0,032372
0,034916
0,036559
0,037576
0,040203
0,042217
0,042319
0,043495
0,04719
0,04735
0,048686
0,048258
0,050943
0,050796
0,052266
0,053928
0,05529
0,055092
0,055648
0,055283
0,056805
0,058556
0,058173
0,057271
0,056447
0,057566
0,056619
0,054133
0,054478
0,053474
0,050713
0,051064
0,04921
0,048776
0,047369
0,046417
0,044972
0,04501
0,04308
0,043879
0,044352
0,042498
0,040325
0,038106
0,038816
0,035492
0,034373
0,030691
0,030589
0,027028
0,026753
0,024528
0,020533
0,018954
0,018123
0,015438
0,013789
0,011494
0,010081
0,008822
0,006878
0,004571
0,003848
0,00094
-0,002384
-0,00319
-0,004283
-0,00668
-0,008029
-0,009781
-0,007626
-0,008636
-0,007716
-0,009749
-0,009519
-0,009474
-0,009352
-0,010458
-0,011104
-0,011558
-0,015464
-0,016001
-0,018545
-0,020162
-0,019772
-0,023467
-0,026338
-0,026791
-0,028786
-0,027897
-0,029374
-0,029917
-0,030646
-0,030154
-0,030077
-0,030288
-0,027079
-0,028204
-0,030512
-0,031931
-0,031324
-0,032219
-0,033197
-0,035032
-0,035402
-0,037595
-0,038842
-0,037729
-0,03934
-0,040433
-0,040414
-0,038944
-0,036738
-0,037122
-0,036969
-0,035741
-0,035313
-0,035473
-0,036074
-0,037371
-0,038797
-0,038886
-0,04074
-0,040126
-0,040874
-0,040823
-0,043297
-0,041968
-0,041117
-0,041437
-0,039858
-0,040126
-0,040018
-0,038362
-0,037755
-0,035172
-0,03702
-0,034603
-0,033606
-0,031407
-0,0325
-0,029911
-0,029432
-0,027054
-0,027827
-0,024874
-0,027373
-0,023218
-0,020648
-0,019478
-0,015508
-0,015234
-0,012293
-0,010848
-0,008413
-0,005696
-0,00606
-0,006655
-0,004142
-0,004385
-0,004321
-0,00388
-0,003375
-0,003938
-0,002992
-0,003337
-0,000805
0,000262
0,000761
0,003446
0,004603
0,005057
0,007818
0,008406
0,00863
0,011622
0,010388
0,011142
0,011551
0,011264
0,010215
0,011245
0,01097
0,010567
0,010394
0,01097
0,012414
0,014511
0,015419
0,015764
0,01875
0,019235
0,020623
0,022189
0,023218
0,022521
0,022061
0,023007
0,023167
0,02325
0,02364
0,024043
0,023972
0,023953
0,025321
0,023979
0,024311
0,023723
0,025321
0,027456
0,028639
0,030064
0,030416
0,029278
0,03055
0,030889
0,030646
0,028422
0,028383
0,029822
0,029464
0,026318
0,024222
0,023781
0,022304
0,021415
0,021684
0,020303
0,021876
0,021479
0,022208
0,020284
0,021633
0,021626
0,021364
0,019817
0,020316
0,017407
0,017823
0,01657
0,013022
0,011443
0,007908
0,006169
0,004015
0,002416
0,00117
0,000754
-0,000607
-0,001828
0,000358
-1,3E-05
0,002755
0,001566
0,00303
0,004155
0,002423
0,001419
0,00186
0,001477
-0,001489
-0,003433
-0,00312
-0,004699
-0,005862
-0,007019
-0,006386
-0,006527
-0,006463
-0,007051
-0,00553
-0,00576
-0,004481
-0,002576
-0,002512
-0,00062
-0,001745
-0,003919
-0,003944
-0,007524
-0,009225
-0,012728
-0,014677
-0,016678
-0,016384
-0,016877
-0,017164
-0,017056
-0,019331
-0,01758
-0,017094
-0,016224
-0,017196
-0,015604
-0,015681
-0,016352
-0,015253
-0,017043
-0,018417
-0,021818
-0,02052
-0,022272
-0,022304
-0,023697
-0,02325
-0,023435
-0,022221
-0,021185
-0,019862
-0,018462
-0,017867
-0,015713
-0,013731
-0,011181
-0,011053
-0,008911
-0,008138
-0,008157
-0,008099
-0,004251
-0,00622
-0,003094
-0,002608
-0,001496
-0,001694
-0,00055
0,000352
-0,000946
0,001694
0,000345
0,002653
0,002154
0,003331
0,005095
0,004731
0,005005
0,006297
0,007473
0,008368
0,008521
0,010458
0,011603
0,012664
0,012357
0,012664
0,013616
0,013687
0,015464
0,013936
0,011897
0,014799
0,012031
0,011155
0,0098
0,011468
0,009263
0,008905
0,009186
0,011315
0,011871
0,010906
0,011245
0,011334
0,010548
0,01049
0,009883
0,007812
0,009512
0,007601
0,007869
0,006706
0,005415
0,005159
0,002046
0,005248
0,004008
0,004213
0,006623
0,006105
0,005037
0,006086
0,008099
0,008362
0,008138
0,009129
0,007518
0,008771
0,009237
0,00886
0,006898
0,005331
0,005773
0,004967
0,003893
0,00335
0,002781
0,002014
0,002269
0,002647
0,000256
0,000447
0,000601
0,000173
-0,001675
-0,004181
-0,00296
-0,003816
-0,004916
-0,00576
-0,006719
-0,005875
-0,008215
-0,008688
-0,008758
-0,009135
-0,010158
-0,010113
-0,0112
-0,011117
-0,011353
-0,010318
-0,009857
-0,011245
-0,010088
-0,01175
-0,010541
-0,011424
-0,012383
-0,012056
-0,01322
-0,014486
-0,015796
-0,017541
-0,016698
-0,018424
-0,020885
-0,020872
-0,020846
-0,020086
-0,021102
-0,01976
-0,019638
-0,021876
-0,02013
-0,018954
-0,017158
-0,018673
-0,018788
-0,017982
-0,016678
-0,015432
-0,014888
-0,01283
-0,012606
-0,011462
-0,010369
-0,010516
-0,008541
-0,007799
-0,007876
-0,006489
-0,006278
-0,006565
-0,005172
-0,005728
-0,006054
-0,006872
-0,006162
-0,00645
-0,006361
-0,006584
-0,00677
-0,005255
-0,006111
-0,005574
-0,005312
-0,003772
-0,003209
-0,002755
-0,00062
3,8E-05
0,000237
-7E-05
0,003599
0,001931
0,00094
0,001483
0,001726
