0,003139
0,004769
0,004091
0,001259
0,001093
0,002474
0,001183
-0,000946
-0,000467
-0,004539
-0,005875
-0,007537
-0,011296
-0,011551
-0,016519
-0,019632
-0,022349
-0,028517
-0,035684
-0,045867
-0,05318
-0,058134
-0,064105
-0,067576
-0,066598
-0,071195
-0,071514
-0,074212
-0,078795
-0,078974
-0,082273
-0,083321
-0,082184
-0,069251
-0,054408
-0,037729
-0,024011
-0,004526
0,009429
0,029003
0,042159
0,058339
0,069916
0,081173
0,093805
0,10335
0,111462
0,116889
0,121984
0,127616
0,128869
0,129073
0,126842
0,125839
0,124803
0,122604
0,120168
0,114773
0,110337
0,103906
0,09066
0,081078
0,063677
0,046896
0,023857
0,003075
-0,011954
-0,026798
-0,037614
-0,045381
-0,049588
-0,050956
-0,046589
-0,040491
-0,030927
-0,018321
-0,011366
-0,006706
-0,004718
-0,011008
-0,018884
-0,031496
-0,042377
-0,060014
-0,071214
-0,078418
-0,086678
-0,092648
-0,097845
-0,101419
-0,105197
-0,108681
-0,108508
-0,107939
-0,104807
-0,100108
-0,090372
-0,083596
-0,07333
-0,065921
-0,05676
-0,048904
-0,037966
-0,024433
-0,017298
-0,009512
0,00016
0,005293
0,01338
0,019951
0,030557
0,03569
0,041961
0,048367
0,050086
0,05263
0,050751
0,046462
0,039717
0,034769
0,026702
0,026139
0,024413
0,025034
0,028978
0,035978
0,039858
0,051486
0,058019
0,065908
0,072473
0,078431
0,083174
0,086435
0,083871
0,079799
0,07434
0,065205
0,057764
0,046589
0,031861
0,021486
0,009921
-0,000742
-0,009122
-0,015585
-0,020265
-0,022374
-0,025232
-0,022259
-0,022336
-0,023538
-0,020603
-0,021032
-0,021326
-0,02472
-0,028863
-0,034821
-0,037653
-0,045471
-0,049223
-0,055712
-0,060385
-0,063869
-0,066509
-0,065889
-0,066132
-0,063127
-0,05933
-0,054165
-0,050949
-0,046033
-0,041175
-0,034872
-0,032615
-0,030857
-0,026146
-0,0269
-0,023851
-0,022182
-0,022214
-0,019766
-0,020533
-0,020776
-0,017695
-0,013853
-0,013035
-0,009263
-0,00071
0,004833
0,012152
0,016269
0,024241
0,030352
0,036214
0,040484
0,046634
0,050546
0,054817
0,056255
0,059004
0,057598
0,059093
0,060845
0,060103
0,058825
0,060717
0,059656
0,05924
0,061702
0,059464
0,059822
0,057278
0,05605
0,056575
0,053634
0,054222
0,049472
0,045631
0,042888
0,037339
0,03461
0,028549
0,026465
0,018654
0,013923
0,010458
0,008745
0,003209
-0,000416
-0,003132
-0,007179
-0,012133
-0,016602
-0,019088
-0,021332
-0,024222
-0,027968
-0,028409
-0,03087
-0,033088
-0,036304
-0,038158
-0,040043
-0,040427
-0,041399
-0,044697
-0,044473
-0,04361
-0,04689
-0,0465
-0,046813
-0,048124
-0,048705
-0,046557
-0,045982
-0,040561
-0,039807
-0,03856
-0,03631
-0,031477
-0,028153
-0,023883
-0,021543
-0,017982
-0,014319
-0,013118
-0,007857
-0,004641
-0,001336
0,002212
0,004436
0,007236
0,009544
0,012363
0,014697
0,016199
0,016455
0,019721
0,021422
0,021658
0,02417
0,025583
0,025149
0,025507
0,026951
0,025609
0,024957
0,026318
0,023212
0,024823
0,023218
0,023327
0,019676
0,019824
0,018679
0,017407
0,015726
0,012932
0,012114
0,011162
0,009084
0,008892
0,006699
0,006015
0,004513
0,002461
0,002058
-0,00032
-0,000345
-0,003944
-0,005063
-0,008464
-0,013201
-0,014562
-0,018219
-0,018583
-0,021556
-0,024644
-0,025027
-0,028064
-0,029022
-0,028844
-0,027968
-0,028895
-0,028159
-0,028837
-0,02651
-0,025455
-0,021294
-0,020603
-0,018705
-0,01579
-0,012849
-0,010823
-0,011034
-0,006265
-0,004954
-0,003772
-0,00264
-0,002244
0,000563
0,002512
0,004341
0,004379
0,007678
0,009621
0,010299
0,013246
0,01393
0,015924
0,016825
0,018622
0,020034
0,021524
0,021786
0,022144
0,021415
0,020348
0,018283
0,015125
0,017867
0,014537
0,012491
0,010241
0,007275
0,007524
0,004456
0,006258
0,003861
-9,6E-05
-0,000377
-0,000786
-0,002212
-0,003196
-0,005165
-0,004379
-0,005485
-0,006495
-0,006431
-0,008087
-0,009365
-0,008617
-0,007435
-0,008502
-0,010573
-0,009998
-0,010414
-0,011628
-0,012306
-0,012267
-0,008087
-0,008771
-0,008713
-0,005427
-0,004449
-0,005523
-0,004353
-0,001291
-0,000595
0,000825
0,00131
0,003522
0,006808
0,006233
0,006156
0,008278
0,009007
0,009877
0,012498
0,010682
0,014275
0,014486
0,01655
0,016576
0,016212
0,017867
0,017714
0,017209
0,018845
0,018008
0,016269
0,01501
0,015368
0,012983
0,011935
0,010081
0,009257
0,006834
0,005076
0,004641
0,006418
0,003689
0,004424
0,004213
0,001323
0,001745
0,002065
0,002698
0,002762
0,002531
0,001061
0,002755
0,001298
8,3E-05
-0,0003
-0,000256
-0,000754
-0,000205
-0,000153
-0,001547
-0,000908
3,2E-05
-0,002269
0,000626
-0,001477
2,6E-05
0,003113
0,000972
0,003286
0,005063
0,004756
0,006604
0,007441
0,010107
0,008662
0,009231
0,009531
0,008598
0,008355
0,008266
0,008419
0,007805
0,008055
0,00925
0,00987
0,008732
0,00872
0,009173
0,009615
0,007671
0,007524
0,006194
0,005159
0,005804
0,002934
0,002877
0,002953
-0,001349
-0,002103
-0,003184
-0,005824
-0,007812
-0,01003
-0,011897
-0,010433
-0,010567
-0,013226
-0,012868
-0,012389
-0,011647
-0,012184
-0,012472
-0,011257
-0,009448
-0,010273
-0,00879
-0,008093
-0,008374
-0,0073
-0,006252
-0,00677
-0,008892
-0,008905
-0,009269
-0,008445
-0,008483
-0,00785
-0,009212
-0,007352
-0,008649
-0,005952
-0,004481
-0,003887
-0,004123
-0,004897
-0,001905
-0,003433
-0,003554
-0,003535
-0,004858
-0,004826
-0,003292
-0,003132
-0,003024
-0,002909
-0,003107
-0,002173
-0,001413
-0,0017
-0,000345
0,000499
0,000863
8,3E-05
0,003382
0,002231
0,004935
0,004379
0,002851
0,001739
0,00351
0,001445
0,003235
0,003452
0,004545
0,00202
0,005197
0,004833
0,003842
0,003944
0,003605
0,005248
0,005408
0,004213
0,005785
0,006802
0,006552
0,007607
0,008604
0,010222
0,009148
0,008534
0,010644
0,011877
0,014038
0,015074
0,016634
0,018571
0,01804
0,014403
0,011436
0,008202
0,002122
-0,004884
-0,016614
-0,020891
-0,027661
-0,025941
-0,024548
-0,020725
-0,016391
-0,01244
-0,007217
-0,002218
0,002244
0,007051
0,009154
0,011961
0,010951
0,009576
0,003586
-0,00078
-0,00801
-0,012331
-0,016646
-0,015221
-0,018289
-0,015048
-0,012677
-0,007582
-0,003203
0,002672
0,010778
0,01251
0,017618
0,02355
0,025609
0,025903
0,025008
0,022502
0,018545
0,010567
0,007511
0,002519
0,000869
-0,001547
-0,006054
-0,005606
-0,00514
-0,002084
-0,002282
0,000805
0,002883
0,003784
0,006661
0,005351
0,005747
0,004929
0,002934
1,9E-05
-0,004635
-0,008592
-0,012824
-0,013399
-0,017056
-0,019529
-0,020635
-0,021185
-0,022272
-0,021588
-0,021895
-0,020546
-0,017382
-0,016915
-0,015796
-0,015515
-0,016429
-0,017599
-0,018686
-0,018545
-0,019497
-0,020054
-0,023237
-0,023998
-0,023921
-0,023889
-0,023295
-0,026197
-0,022208
-0,021115
-0,018078
-0,015202
-0,015515
-0,011551
-0,007741
-0,00498
-0,00475
-0,000134
0,001867
0,002774
0,004826
0,00817
0,008668
0,010509
0,011743
0,010529
0,01338
0,013386
0,013015
0,0143
0,01494
0,01407
0,014204
0,013143
0,010682
0,010618
0,006361
0,004257
0,002359
0,001451
0,000959
0,000256
-0,001151
-0,002154
-0,002934
-0,001387
-0,002161
-0,000607
0,000569
0,003139
0,001899
0,001317
0,000895
0,002416
-0,000447
-0,000524
-0,001828
-0,002979
-0,002755
-0,004705
-0,004999
-0,007633
-0,007735
-0,008272
-0,007805
-0,009109
-0,007799
-0,007486
-0,006035
-0,002627
-0,003414
-0,001598
0,001828
0,003324
0,005766
0,006757
0,00755
0,008694
0,012485
0,011008
0,011852
0,014479
0,015361
0,016237
0,017855
0,016576
0,015809
0,016461
0,015445
0,014032
0,015253
0,015048
0,014607
0,011877
0,013981
0,01074
0,011002
0,010465
0,008521
0,009046
0,008227
0,008598
0,009365
0,009442
0,009941
0,010426
0,011916
0,01198
0,014051
0,014115
0,014665
0,013488
0,013808
0,01329
0,013559
0,013054
0,012165
0,010414
0,010503
0,008707
0,00934
0,007531
0,006974
0,006444
0,004686
0,004858
0,005715
0,00388
0,005964
0,005587
0,00498
0,005331
0,002742
0,003554
0,002205
0,001342
0,002583
0,001937
0,000595
0,000313
-0,000364
0,001726
0,002627
0,002026
0,003075
0,002768
0,005517
0,00583
0,006156
0,002314
0,005536
0,003458
0,003893
0,000946
0,002391
0,000569
0,000742
-0,001234
-0,002531
-0,003951
-0,004213
-0,005651
-0,003478
-0,004034
-0,003804
-0,002717
-0,004002
-0,004852
-0,002934
-0,004443
-0,002666
-0,003625
-0,005101
-0,005606
-0,005683
-0,006706
-0,005485
-0,005261
-0,00592
-0,005459
-0,00684
-0,005101
-0,004756
-0,005376
-0,00466
-0,005523
-0,002525
-0,003605
-0,004647
-0,004731
-0,001368
-0,004213
-0,002794
-0,003612
-0,002531
-0,001119
-0,002301
0,000192
-0,00101
0,000748
-8,9E-05
0,002391
0,002615
0,001867
0,003062
0,00326
0,003382
0,003868
0,005472
0,005274
0,007051
0,006751
0,006731
0,008067
0,0059
0,006636
0,004564
0,003401
0,00512
0,00443
0,002161
0,003228
0,003203
0,002007
0,002973
0,002698
0,00374
0,00491
0,002442
0,00475
0,005952
0,006284
0,005843
0,007665
0,007959
0,008566
0,007422
0,007403
0,007441
0,008099
0,007588
0,009167
0,006795
0,010829
0,009742
0,012574
0,014703
0,013584
0,014697
0,014441
0,013616
0,013335
0,014844
0,011877
0,00971
0,011187
0,008611
0,007748
0,007818
0,006508
0,005709
0,002851
0,005434
0,003036
0,003158
0,001835
0,002551
0,00147
0,002506
-0,001055
0,000991
-7,7E-05
-0,001771
-0,002212
-0,002244
-0,00211
0,001055
-0,002065
-0,001771
-0,000249
0,001598
0,001796
0,000933
0,001879
0,003637
0,002864
0,004865
0,003011
0,003765
0,002755
0,00459
0,004424
0,00452
0,002519
0,003695
0,005293
0,004027
0,00489
0,005408
0,006393
0,005657
0,006821
0,006789
0,006015
0,006968
0,005702
0,007511
0,006194
0,00622
0,007332
0,006354
0,008342
0,008176
0,008547
0,006201
0,007799
0,006469
0,006821
0,004353
0,004123
0,004296
0,004123
0,004136
0,001477
0,001662
0,000582
-0,002218
-0,0017
-0,004257
-0,003823
-0,004807
-0,005753
-0,006169
-0,00668
-0,007882
-0,008029
-0,009442
-0,01136
-0,010893
-0,013789
-0,013329
-0,015764
-0,015854
-0,014166
-0,015803
-0,015975
-0,015764
-0,016448
-0,017746
-0,017618
-0,015892
-0,016455
-0,016928
-0,015278
-0,011846
-0,011571
-0,010963
-0,009109
-0,008394
-0,006194
-0,004622
-0,006655
-0,003676
-0,001458
-0,002519
-0,004615
-0,00475
-0,006162
-0,00645
-0,006795
-0,006533
-0,008029
-0,005044
-0,003631
0,000384
0,001138
0,003113
0,004807
0,007447
0,00716
0,007499
0,006821
0,005626
0,006086
0,002512
0,001528
-0,002391
-0,003925
-0,005095
-0,00817
-0,007869
-0,009237
-0,010171
-0,007192
-0,006565
-0,005907
-0,004341
-0,002046
-0,002078
0,000735
0,002058
0,005459
0,004699
0,005402
0,005242
0,007179
0,006508
0,00693
0,005485
0,005594
0,004417
0,003957
0,00537
0,004257
0,005101
0,004532
0,00553
0,005472
0,008534
0,00895
0,010235
0,012606
0,010746
0,013661
0,013584
0,01556
0,015336
0,013226
0,011628
0,01088
0,008112
0,00801
0,004775
0,000844
-0,001144
0,000722
-0,002103
-0,002493
-0,000799
-0,001183
-0,002608
0,002742
0,002723
0,004635
0,003599
0,004194
0,003829
0,005306
0,003324
0,003714
0,00211
0,000767
-0,000134
-0,000882
-0,000786
0,002589
0,00172
0,003363
0,004692
0,007352
0,008528
0,010279
0,010311
0,012242
0,012574
0,011372
0,013118
0,010842
0,009793
0,008617
0,00512
0,005133
-0,000352
-0,000147
-0,000697
-5,8E-05
0,002372
0,00218
0,005466
0,006623
0,009442
0,009934
0,012945
0,013092
0,011801
0,012376
0,012472
0,009467
0,009116
0,004871
0,002365
0,000492
0,002167
0,000422
0,000678
0,00039
0,001349
0,002135
0,002455
0,002384
0,001803
0,002384
0,003893
0,001803
0,001023
0,001163
-0,002199
-0,003011
-0,006271
-0,005804
-0,004961
-0,005408
-0,007332
-0,007339
-0,007045
-0,006405
-0,006335
-0,006853
-0,005798
-0,008547
-0,00872
-0,007543
-0,008579
-0,011507
-0,011078
-0,009346
-0,011168
-0,014339
-0,009845
-0,011635
-0,012395
-0,012331
-0,011724
-0,010938
-0,011737
-0,010356
-0,010944
-0,011775
-0,009461
-0,01019
-0,010299
-0,009979
-0,007773
-0,007761
-0,006751
-0,005498
-0,004027
-0,001438
-0,001828
-0,001969
-0,001969
-0,001215
4,5E-05
-0,000729
-0,001489
-0,001362
0,000863
-0,001131
0,000256
-0,000786
0,000876
0,001899
0,00055
-0,001023
0,000403
0,002436
0,001688
-0,000671
-9,6E-05
-0,000198
0,000844
-0,001323
-0,002084
-0,002078
-0,001969
-0,002576
-0,003254
-0,004066
-0,002269
-0,00195
-0,000774
0,000428
-0,000933
0,000377
0,003983
0,004021
0,002813
0,004903
0,005734
0,008732
0,0101
0,008246
0,010343
0,010324
0,011027
0,010132
0,008598
0,00886
0,007275
0,004763
0,003171
0,001969
0,001585
0,002122
0,000575
0,00085
-0,000109
-8,9E-05
-0,000237
0,00069
0,000134
0,001061
0,002813
0,003126
0,001822
0,003637
0,003695
0,003765
0,000997
0,004072
0,000479
-0,00071
0,001074
-0,000601
0,000774
-0,000927
-0,001816
-0,000435
-0,002327
-0,001496
-0,001828
-0,000345
-0,002352
-0,000965
-0,00163
-0,000173
-0,000294
0,00163
-0,000652
-0,000953
-0,000518
-0,000447
-0,00179
-0,001982
-0,00411
-0,004788
-0,003816
-0,001937
-0,004737
-0,003446
-0,003919
-0,004213
-0,003682
-0,006508
-0,004935
-0,006431
-0,005376
-0,007499
-0,007722
-0,008681
-0,007658
-0,01152
-0,008835
-0,008668
-0,010765
-0,010004
-0,009877
-0,007447
-0,011897
-0,008994
-0,007952
-0,006182
-0,005331
-0,008036
-0,003695
-0,005926
-0,006648
-0,00567
-0,004628
-0,007997
-0,009595
-0,008713
-0,008905
-0,010663
-0,007
-0,008828
-0,009007
-0,007409
-0,007486
-0,00638
