0,006201
0,007153
0,006092
0,004878
0,006233
0,004692
0,003733
0,000288
0,002148
-0,00094
-0,002755
-0,005626
-0,009557
-0,01042
-0,01485
-0,017311
-0,022214
-0,028914
-0,0367
-0,044211
-0,053858
-0,058684
-0,062967
-0,064872
-0,068062
-0,069015
-0,07551
-0,077862
-0,082657
-0,085073
-0,084945
-0,078425
-0,064386
-0,051512
-0,03296
-0,012613
0,004302
0,023761
0,035709
0,048897
0,064853
0,075209
0,090922
0,101106
0,114044
0,122566
0,129188
0,132135
0,132819
0,132334
0,13149
0,127948
0,123665
0,120501
0,115297
0,107249
0,098696
0,090155
0,077638
0,061708
0,045106
0,027623
0,009915
-0,006092
-0,023576
-0,03305
-0,041264
-0,046768
-0,050617
-0,051627
-0,04983
-0,042364
-0,034303
-0,028159
-0,020699
-0,016653
-0,015719
-0,017842
-0,022732
-0,029496
-0,039091
-0,049319
-0,060116
-0,066483
-0,073835
-0,0801
-0,082919
-0,082657
-0,081474
-0,078444
-0,073822
-0,070351
-0,066272
-0,063229
-0,060519
-0,056229
-0,052918
-0,048456
-0,044947
-0,039001
-0,034245
-0,02449
-0,016071
-0,007358
0,005197
0,017605
0,026178
0,037723
0,048168
0,056268
0,063121
0,069155
0,073835
0,075759
0,075746
0,070006
0,063658
0,056741
0,047644
0,036905
0,028728
0,01999
0,016263
0,012485
0,011756
0,011213
0,014607
0,019446
0,025877
0,030972
0,037192
0,039442
0,043195
0,045132
0,044537
0,041878
0,036074
0,030052
0,021652
0,011551
0,001745
-0,005478
-0,019024
-0,025481
-0,034642
-0,038675
-0,039673
-0,043163
-0,040721
-0,037589
-0,035524
-0,034034
-0,03165
-0,03149
-0,030001
-0,031727
-0,032673
-0,034565
-0,039327
-0,043086
-0,049242
-0,052036
-0,056703
-0,060954
-0,06484
-0,066157
-0,06672
-0,066394
-0,062641
-0,058697
-0,056185
-0,049313
-0,045778
-0,039647
-0,035837
-0,031279
-0,028204
-0,024145
-0,022304
-0,019523
-0,018411
-0,015918
-0,01455
-0,012753
-0,008764
-0,005709
-0,001803
0,001509
0,006009
0,009295
0,011315
0,014006
0,015515
0,017823
0,018999
0,022048
0,023435
0,025155
0,027808
0,029834
0,031854
0,034955
0,038285
0,043905
0,048494
0,05203
0,056997
0,058806
0,063479
0,065959
0,071028
0,072441
0,07418
0,074602
0,075689
0,075056
0,076584
0,076232
0,076986
0,076865
0,075721
0,076801
0,078271
0,077709
0,077837
0,076775
0,076558
0,074666
0,073349
0,070434
0,066164
0,062552
0,057546
0,05373
0,048955
0,046743
0,040766
0,03686
0,03383
0,031586
0,028006
0,027642
0,023755
0,024925
0,022623
0,022329
0,021901
0,020348
0,019453
0,016825
0,014313
0,009864
0,00413
-0,001956
-0,005555
-0,014
-0,020329
-0,024356
-0,030979
-0,032769
-0,036815
-0,037128
-0,03702
-0,035466
-0,03399
-0,029898
-0,025884
-0,023065
-0,019497
-0,016806
-0,014908
-0,015751
-0,015777
-0,015815
-0,017273
-0,019037
-0,021473
-0,026127
-0,030033
-0,032864
-0,037486
-0,039935
-0,04301
-0,043342
-0,04425
-0,045017
-0,045535
-0,044416
-0,044742
-0,043988
-0,045273
-0,04742
-0,049038
-0,050764
-0,05295
-0,056613
-0,060979
-0,065358
-0,067512
-0,070447
-0,075209
-0,075708
-0,078035
-0,081014
-0,08274
-0,083174
-0,084747
-0,084204
-0,085994
-0,087892
-0,087803
-0,088461
-0,089484
-0,088378
-0,087521
-0,089369
-0,087176
-0,087259
-0,086671
-0,085335
-0,082305
-0,08171
-0,079595
-0,076903
-0,075407
-0,071725
-0,069028
-0,066713
-0,063095
-0,06073
-0,056562
-0,05233
-0,04643
-0,042389
-0,036355
-0,031049
-0,024835
-0,020904
-0,015368
-0,009813
-0,006393
-0,000281
0,002205
0,005824
0,011219
0,014818
0,018929
0,022476
0,028428
0,029809
0,032916
0,036035
0,040836
0,042805
0,04579
0,048098
0,049383
0,052304
0,055283
0,057144
0,058902
0,059164
0,061286
0,062181
0,063408
0,064271
0,06486
0,064342
0,065902
0,067564
0,06826
0,067679
0,069328
0,069961
0,070575
0,070798
0,070025
0,07147
0,070325
0,069481
0,070268
0,068919
0,06803
0,065473
0,063498
0,062942
0,061254
0,059234
0,057808
0,057233
0,056057
0,055756
0,054651
0,054401
0,05403
0,05327
0,052528
0,053717
0,052266
0,051512
0,049389
0,049613
0,046219
0,04556
0,042121
0,039903
0,036988
0,035684
0,031906
0,029125
0,027501
0,025532
0,02178
0,020559
0,019517
0,017382
0,016915
0,014716
0,014096
0,01058
0,010254
0,009487
0,007895
0,005453
0,004794
0,002595
0,001931
-0,00108
-0,002084
-0,004385
-0,005197
-0,006572
-0,008055
-0,008502
-0,010267
-0,010247
-0,011826
-0,011967
-0,011724
-0,011072
-0,013182
-0,013725
-0,01338
-0,01446
-0,015521
-0,016403
-0,016288
-0,017637
-0,020533
-0,021345
-0,021275
-0,021709
-0,02364
-0,022342
-0,022566
-0,023486
-0,023672
-0,023416
-0,022342
-0,022093
-0,021147
-0,021524
-0,020821
-0,022106
-0,023135
-0,021505
-0,022087
-0,022649
-0,024017
-0,023486
-0,022643
-0,023819
-0,022208
-0,022649
-0,021939
-0,021198
-0,019766
-0,019555
-0,017452
-0,015815
-0,014652
-0,015675
-0,015764
-0,013731
-0,01299
-0,011142
-0,012184
-0,012971
-0,013067
-0,013616
-0,014908
-0,015336
-0,015291
-0,015841
-0,015253
-0,016659
-0,015131
-0,014454
-0,014856
-0,01579
-0,016007
-0,015943
-0,015847
-0,016742
-0,016825
-0,016359
-0,016231
-0,015713
-0,015592
-0,015847
-0,014428
-0,013782
-0,014045
-0,013054
-0,012888
-0,01267
-0,010682
-0,011411
-0,012568
-0,008962
-0,009499
-0,009135
-0,008119
-0,007428
-0,005721
-0,004232
-0,001637
-0,000262
0,002052
0,002416
0,005568
0,006648
0,007479
0,009372
0,009928
0,010356
0,011417
0,009819
0,011085
0,010919
0,013015
0,012996
0,013591
0,013444
0,015246
0,015381
0,015003
0,016314
0,01533
0,016461
0,015202
0,016781
0,016429
0,015368
0,015694
0,013751
0,015259
0,013111
0,014077
0,013981
0,015131
0,01393
0,015368
0,016173
0,016614
0,017151
0,015796
0,016525
0,017382
0,017503
0,016397
0,015214
0,015835
0,013092
0,013162
0,011475
0,009218
0,008988
0,0084
0,007268
0,00661
0,005843
0,005248
0,004104
0,002787
0,002282
0,001662
0,000339
-0,000243
-0,001803
-0,003522
-0,00241
-0,00583
-0,007013
-0,008521
-0,007396
-0,007454
-0,008055
-0,00668
-0,008598
-0,00833
-0,006987
-0,006859
-0,008151
-0,007761
-0,007716
-0,006156
-0,006994
-0,006226
-0,008189
-0,008751
-0,007115
-0,00769
-0,008362
-0,006092
-0,007569
-0,005562
-0,006393
-0,007147
-0,005101
-0,006642
-0,007173
-0,00824
-0,008962
-0,009685
-0,009972
-0,011341
-0,013156
-0,01508
-0,014562
-0,016097
-0,016288
-0,017541
-0,01749
-0,016928
-0,016314
-0,014729
-0,014153
-0,011596
-0,011622
-0,012932
-0,013635
-0,01625
-0,024318
-0,032353
-0,044576
-0,05536
-0,061312
-0,062232
-0,060423
-0,056984
-0,056038
-0,052017
-0,047146
-0,039359
-0,034974
-0,026708
-0,021703
-0,017586
-0,013744
-0,014409
-0,014192
-0,01655
-0,019555
-0,022502
-0,0227
-0,025289
-0,024791
-0,024369
-0,023953
-0,021076
-0,020079
-0,014038
-0,008541
-0,003279
0,002135
0,008918
0,014236
0,018916
0,022489
0,025046
0,026408
0,02527
0,025097
0,022847
0,022144
0,020309
0,019005
0,015898
0,014748
0,013527
0,011085
0,008336
0,008854
0,008394
0,008873
0,010164
0,011379
0,010612
0,011296
0,01306
0,012824
0,010861
0,011929
0,011903
0,012696
0,013297
0,013878
0,014984
0,01439
0,016557
0,017663
0,018634
0,019983
0,019542
0,019913
0,019913
0,020335
0,019971
0,018398
0,016244
0,017171
0,016819
0,01657
0,015374
0,017094
0,016582
0,017337
0,016646
0,016953
0,019619
0,019913
0,02318
0,024337
0,029138
0,029138
0,029873
0,034475
0,035115
0,035958
0,037205
0,03654
0,034782
0,035115
0,035179
0,035594
0,034622
0,033708
0,032513
0,033715
0,031516
0,031138
0,030947
0,029329
0,029745
0,028172
0,02612
0,024963
0,023084
0,020418
0,018903
0,016717
0,015425
0,013399
0,010957
0,010324
0,008681
0,007876
0,004405
0,003139
0,00218
0,001426
-0,001854
-0,003848
-0,004513
-0,005785
-0,00739
-0,009065
-0,011647
-0,011705
-0,013866
-0,015234
-0,016749
-0,016384
-0,017899
-0,019766
-0,023013
-0,023212
-0,023455
-0,024139
-0,023736
-0,024899
-0,025276
-0,025123
-0,027009
-0,02612
-0,026389
-0,025187
-0,025641
-0,026114
-0,025014
-0,025264
-0,024803
-0,022758
-0,023403
-0,021812
-0,021831
-0,020066
-0,021396
-0,020546
-0,020923
-0,020533
-0,020942
-0,021089
-0,021255
-0,020392
-0,021671
-0,021486
-0,021524
-0,022655
-0,022962
-0,022278
-0,021863
-0,021307
-0,020667
-0,021339
-0,020495
-0,019734
-0,019095
-0,018833
-0,019382
-0,017759
-0,018577
-0,018379
-0,019088
-0,018954
-0,018283
-0,018289
-0,018149
-0,017305
-0,016212
-0,01455
-0,012939
-0,011679
-0,00879
-0,005587
-0,0045
-0,000684
0,000857
0,003081
0,00645
0,008509
0,009717
0,012274
0,012472
0,013565
0,016391
0,019012
0,020105
0,022579
0,024957
0,02637
0,030096
0,032168
0,034597
0,036866
0,039807
0,039858
0,044205
0,045157
0,046928
0,047619
0,047676
0,049613
0,049971
0,051729
0,052439
0,054312
0,055603
0,054977
0,055418
0,058045
0,059355
0,05887
0,0594
0,05839
0,058844
0,056319
0,057092
0,056287
0,0538
0,052554
0,050693
0,050125
0,04985
0,047996
0,046634
0,045445
0,044608
0,042824
0,042019
0,041872
0,040484
0,038356
0,03764
0,037173
0,035805
0,03358
0,03211
0,02892
0,027034
0,02621
0,022093
0,021172
0,018986
0,017222
0,014262
0,013789
0,012657
0,011436
0,009333
0,007185
0,006271
0,003893
0,002084
-0,00071
-0,001221
-0,004155
-0,005485
-0,006891
-0,008464
-0,010286
-0,010484
-0,009717
-0,011155
-0,010688
-0,008854
-0,010791
-0,011245
-0,010036
-0,010816
-0,012843
-0,013923
-0,015259
-0,017343
-0,019772
-0,020118
-0,024394
-0,025641
-0,027527
-0,028856
-0,029387
-0,03165
-0,030243
-0,030864
-0,029138
-0,030212
-0,027929
-0,02839
-0,026945
-0,027386
-0,028434
-0,029003
-0,03172
-0,032564
-0,032679
-0,034552
-0,03624
-0,037352
-0,039481
-0,038221
-0,038049
-0,038049
-0,037627
-0,037371
-0,037633
-0,037339
-0,036163
-0,036278
-0,036885
-0,036681
-0,037301
-0,037972
-0,03856
-0,04028
-0,041028
-0,041693
-0,042223
-0,042965
-0,041833
-0,042645
-0,042779
-0,041053
-0,041686
-0,038426
-0,039283
-0,038726
-0,037589
-0,035492
-0,034795
-0,03298
-0,032423
-0,032807
-0,030972
-0,029828
-0,028709
-0,025916
-0,02357
-0,023518
-0,020891
-0,018986
-0,016691
-0,014601
-0,012523
-0,010171
-0,008943
-0,007192
-0,006169
-0,004903
-0,004814
-0,004162
-0,004858
-0,003995
-0,003235
-0,002269
-0,003107
-0,000268
0,000639
0,001183
0,002397
0,003062
0,006572
0,007888
0,008809
0,009742
0,011187
0,01244
0,012344
0,012907
0,01276
0,013098
0,012216
0,011769
0,01136
0,01097
0,011193
0,012606
0,014025
0,014083
0,015502
0,018053
0,01859
0,020412
0,021716
0,023499
0,022323
0,024535
0,022195
0,023614
0,021876
0,019945
0,021741
0,022087
0,023103
0,021933
0,023244
0,022297
0,020552
0,023883
0,023467
0,023813
0,026472
0,026338
0,028818
0,028089
0,029572
0,029393
0,029508
0,028313
0,02697
0,027469
0,026216
0,023678
0,023397
0,022393
0,021108
0,02116
0,019645
0,019766
0,019101
0,018967
0,018149
0,017861
0,020207
0,01875
0,019504
0,019031
0,0196
0,01875
0,01859
0,018424
0,017292
0,014486
0,012843
0,010439
0,008796
0,005555
0,003842
0,001355
0,001253
0,002129
-0,000556
-0,000352
-9,6E-05
-0,000339
0,000435
0,00163
0,002129
0,001911
0,001905
0,000914
-0,000345
-0,000889
-0,002557
-0,00397
-0,00459
-0,006367
-0,009078
-0,00833
-0,008873
-0,00895
-0,009397
-0,009007
-0,007876
-0,008061
-0,009129
-0,007243
-0,006731
-0,005977
-0,005549
-0,005325
-0,006738
-0,007268
-0,007121
-0,008962
-0,009314
-0,010337
-0,012274
-0,011583
-0,013719
-0,014224
-0,014505
-0,014716
-0,015131
-0,016097
-0,016627
-0,016384
-0,017599
-0,016161
-0,017049
-0,017292
-0,018347
-0,018628
-0,019261
-0,018903
-0,019638
-0,020846
-0,021345
-0,02215
-0,020143
-0,019331
-0,018206
-0,018443
-0,01657
-0,015668
-0,015112
-0,014057
-0,013316
-0,010394
-0,011245
-0,00918
-0,006731
-0,006898
-0,004743
-0,003893
-0,003944
-0,003209
-0,002276
-0,002755
-0,001489
-0,002039
-0,000601
0,000262
0,001828
0,001381
0,003433
0,004558
0,006054
0,007799
0,009352
0,010465
0,011839
0,012747
0,013514
0,013527
0,014358
0,016231
0,015055
0,016193
0,014888
0,017056
0,015803
0,014633
0,014972
0,014326
0,013277
0,014313
0,013725
0,013463
0,015304
0,014409
0,016391
0,016602
0,016065
0,013917
0,013565
0,012888
0,010701
0,01012
0,00941
0,006757
0,0073
0,004756
0,004814
0,002717
0,003625
0,003484
0,004596
0,005325
0,004104
0,005683
0,005248
0,005773
0,005197
0,006738
0,005562
0,005651
0,00615
0,004673
0,003382
0,003708
0,003721
0,002269
0,002416
0,000607
0,001816
0,000275
-0,000537
-0,000901
-0,000748
-0,000678
-0,002193
-0,001362
-0,002704
-0,001553
-0,002685
-0,002858
-0,004826
-0,004929
-0,006131
-0,006367
-0,006712
-0,006655
-0,008381
-0,008688
-0,009749
-0,009877
-0,00934
-0,011002
-0,010874
-0,011232
-0,010433
-0,012555
-0,012446
-0,011193
-0,010401
-0,009941
-0,011877
-0,012255
-0,010752
-0,010765
-0,011117
-0,011807
-0,012766
-0,013885
-0,014435
-0,014467
-0,015732
-0,017068
-0,0171
-0,017573
-0,018168
-0,019485
-0,01999
-0,017273
-0,018046
-0,01749
-0,017631
-0,016819
-0,016161
-0,015719
-0,014262
-0,014089
-0,012753
-0,012293
-0,011724
-0,010343
-0,007294
-0,006725
-0,007946
-0,007364
-0,005005
-0,006495
-0,006207
-0,005721
-0,005594
-0,005638
-0,006054
-0,007
-0,008144
-0,007767
-0,008061
-0,006226
-0,006994
-0,007965
-0,006386
-0,006022
-0,006137
-0,005268
-0,003241
-0,004264
-0,002078
-0,001873
0,000358
1,9E-05
-0,000217
-3,8E-05
0,000185
-0,000102
0,000946
