0,007754
0,008451
0,008911
0,007492
0,00755
0,006393
0,004833
0,003273
0,001994
-6,4E-05
-0,000799
-0,003721
-0,005913
-0,006949
-0,011187
-0,014556
-0,017171
-0,022585
-0,031081
-0,035095
-0,044557
-0,05256
-0,05784
-0,064118
-0,065895
-0,067838
-0,069245
-0,076635
-0,081129
-0,086134
-0,085559
-0,084888
-0,078195
-0,063773
-0,047472
-0,030576
-0,013073
0,002755
0,019133
0,036285
0,052292
0,066368
0,081135
0,095698
0,11019
0,121223
0,130147
0,135498
0,135453
0,134315
0,133587
0,132257
0,123793
0,119804
0,11733
0,10817
0,102985
0,095698
0,078827
0,068037
0,054881
0,034667
0,021569
0,00172
-0,007761
-0,021767
-0,030589
-0,036841
-0,043329
-0,047197
-0,045854
-0,044978
-0,039289
-0,034744
-0,027706
-0,022841
-0,022093
-0,021876
-0,024976
-0,026408
-0,032769
-0,038733
-0,047702
-0,050815
-0,060902
-0,064923
-0,069028
-0,075369
-0,075701
-0,075407
-0,073464
-0,067704
-0,0633
-0,057514
-0,055699
-0,053845
-0,050853
-0,050514
-0,047523
-0,044902
-0,041814
-0,036425
-0,026958
-0,019939
-0,007454
0,001592
0,011826
0,023033
0,033037
0,045094
0,055021
0,063242
0,068516
0,073394
0,071348
0,072192
0,068203
0,064757
0,057732
0,049287
0,040484
0,032008
0,023774
0,017203
0,013642
0,009742
0,011411
0,01228
0,013239
0,018999
0,023947
0,027335
0,031311
0,034833
0,034795
0,034648
0,031298
0,029457
0,023614
0,016487
0,010963
0,003005
-0,002097
-0,011155
-0,019101
-0,02683
-0,030685
-0,03452
-0,037991
-0,040408
-0,039379
-0,037768
-0,034897
-0,034776
-0,030972
-0,030563
-0,030921
-0,030391
-0,034348
-0,035358
-0,038874
-0,04207
-0,043368
-0,049223
-0,051838
-0,054452
-0,058691
-0,060909
-0,061618
-0,059835
-0,05862
-0,056313
-0,053225
-0,048635
-0,047548
-0,042971
-0,037493
-0,032148
-0,026203
-0,024931
-0,020201
-0,020233
-0,019996
-0,018615
-0,016717
-0,016033
-0,014147
-0,009372
-0,005971
-0,002052
-0,000933
0,003337
0,005312
0,008093
0,010254
0,014217
0,016947
0,020335
0,02302
0,025296
0,026747
0,031433
0,035185
0,038432
0,042901
0,047114
0,052349
0,057808
0,060065
0,067276
0,070101
0,076986
0,07705
0,080048
0,083174
0,083596
0,084562
0,0832
0,08242
0,083047
0,082094
0,083277
0,082318
0,081071
0,08079
0,08141
0,079441
0,079844
0,077312
0,075375
0,073196
0,070261
0,066247
0,061177
0,057029
0,052509
0,046826
0,043623
0,037927
0,032903
0,031663
0,026593
0,025034
0,023276
0,022317
0,021978
0,022138
0,02355
0,021255
0,018954
0,01758
0,01322
0,008911
0,002781
-0,002838
-0,011155
-0,018027
-0,024139
-0,028217
-0,034808
-0,035422
-0,036598
-0,037499
-0,035786
-0,032014
-0,030052
-0,024528
-0,018206
-0,01625
-0,012504
-0,008093
-0,008272
-0,007396
-0,009237
-0,008867
-0,011954
-0,015604
-0,018283
-0,02316
-0,029662
-0,030927
-0,036131
-0,038758
-0,041526
-0,041955
-0,043361
-0,042869
-0,04152
-0,041079
-0,04074
-0,039653
-0,041309
-0,041571
-0,043988
-0,045477
-0,050374
-0,053896
-0,059662
-0,061944
-0,067704
-0,071495
-0,075126
-0,078763
-0,08079
-0,083398
-0,085623
-0,087048
-0,091523
-0,091069
-0,092674
-0,097347
-0,100524
-0,10225
-0,106686
-0,110867
-0,111315
-0,113232
-0,113546
-0,112657
-0,11166
-0,10964
-0,107121
-0,103535
-0,097123
-0,09151
-0,088519
-0,082254
-0,074749
-0,072154
-0,067723
-0,062871
-0,053104
-0,051115
-0,047267
-0,040203
-0,035377
-0,029253
-0,023282
-0,017477
-0,012421
-0,005498
0,003292
0,007761
0,014115
0,022323
0,025366
0,032206
0,036464
0,040753
0,045126
0,047766
0,049146
0,052624
0,052439
0,055609
0,055335
0,058691
0,06041
0,061299
0,061165
0,064406
0,064463
0,067704
0,067896
0,067186
0,068152
0,068382
0,067966
0,068542
0,068222
0,067717
0,068753
0,06851
0,067564
0,069155
0,069079
0,068133
0,067468
0,066701
0,066119
0,062526
0,062277
0,059151
0,057815
0,056223
0,053257
0,051556
0,049888
0,048699
0,047376
0,045042
0,046979
0,047248
0,045912
0,046832
0,046999
0,046877
0,04689
0,048245
0,045982
0,046634
0,046104
0,044314
0,042095
0,040484
0,039839
0,036841
0,035089
0,033018
0,031567
0,03032
0,028249
0,02846
0,025136
0,027993
0,026254
0,026286
0,025136
0,024886
0,02332
0,023359
0,021652
0,019964
0,018801
0,01586
0,014633
0,013194
0,009487
0,006303
0,004462
0,001374
0,001074
0,000844
-0,001662
-0,00296
-0,003554
-0,004162
-0,003893
-0,00652
-0,006546
-0,00771
-0,00932
-0,011053
-0,012414
-0,015368
-0,016333
-0,017784
-0,018066
-0,020878
-0,02208
-0,024081
-0,025909
-0,02589
-0,026939
-0,028658
-0,026689
-0,026485
-0,02596
-0,026031
-0,024516
-0,025852
-0,024311
-0,025257
-0,022956
-0,025468
-0,021933
-0,023589
-0,022751
-0,023998
-0,022566
-0,02488
-0,022406
-0,022834
-0,022329
-0,020271
-0,020463
-0,018826
-0,018673
-0,016621
-0,015707
-0,01478
-0,013719
-0,012216
-0,012888
-0,011513
-0,011711
-0,010267
-0,011168
-0,010068
-0,012798
-0,014626
-0,014435
-0,014991
-0,017043
-0,016972
-0,018634
-0,019645
-0,018871
-0,01873
-0,0199
-0,021831
-0,022521
-0,022585
-0,020968
-0,019491
-0,020373
-0,018935
-0,019414
-0,020143
-0,019894
-0,018315
-0,01625
-0,015687
-0,015873
-0,015176
-0,013226
-0,011775
-0,01214
-0,010631
-0,009621
-0,006495
-0,00668
-0,002768
-0,001406
-0,001924
0,001259
0,003215
0,004245
0,00466
0,006744
0,009295
0,009934
0,011826
0,012434
0,013265
0,013233
0,013814
0,012434
0,014319
0,01329
0,013827
0,01345
0,013578
0,016327
0,01687
0,016653
0,015515
0,017439
0,016423
0,016154
0,013898
0,013942
0,013949
0,013648
0,01338
0,01143
0,013098
0,010343
0,008803
0,007895
0,009103
0,010209
0,010867
0,010362
0,011302
0,012223
0,010107
0,011072
0,008336
0,009774
0,007422
0,008745
0,006674
0,004615
0,00489
0,004654
0,003829
0,00436
0,003938
0,002615
0,003113
0,004162
0,004999
0,005025
0,00452
0,004718
0,004846
0,003816
0,003772
0,001374
0,001784
3,2E-05
0,000767
-0,000543
0,000492
-0,002173
-0,001707
-0,002295
-0,001502
-0,001573
0,000268
-0,001074
-0,000326
-0,000243
6,4E-05
0,00094
0,000499
5,8E-05
0,00085
-0,000639
-8,9E-05
-0,000249
6,4E-05
-0,001195
-0,00117
-0,00287
-0,000141
-0,000633
-0,002084
-0,001675
-0,001994
-0,003823
-0,004584
-0,005875
-0,009499
-0,010145
-0,01035
-0,014102
-0,014876
-0,018085
-0,021089
-0,022297
-0,023499
-0,024746
-0,027277
-0,026069
-0,027942
-0,028383
-0,02977
-0,029905
-0,030064
-0,030231
-0,028
-0,032238
-0,031739
-0,030052
-0,030857
-0,033248
-0,032481
-0,032334
-0,031854
-0,032436
-0,032903
-0,034034
-0,034987
-0,035773
-0,035799
-0,034463
-0,03585
-0,033983
-0,033702
-0,034252
-0,034482
-0,036502
-0,032443
-0,030007
-0,025366
-0,024445
-0,022515
-0,018634
-0,016857
-0,013961
-0,011462
-0,00732
-0,003247
-0,002851
-7,7E-05
0,003209
0,005357
0,005932
0,008157
0,008183
0,010401
0,010599
0,010727
0,010887
0,011341
0,011922
0,009563
0,010235
0,009493
0,00964
0,008975
0,006802
0,007224
0,005076
0,006846
0,005159
0,005197
0,007064
0,006834
0,008988
0,008924
0,010177
0,011801
0,013776
0,016218
0,017107
0,019734
0,020814
0,023742
0,022278
0,024215
0,026184
0,026542
0,026683
0,027284
0,025916
0,025749
0,026299
0,026568
0,023576
0,024848
0,023378
0,023889
0,022611
0,023033
0,021786
0,022413
0,024343
0,023576
0,023371
0,024241
0,023742
0,026651
0,027584
0,028332
0,029515
0,029374
0,03211
0,031963
0,032833
0,032142
0,034296
0,034674
0,034399
0,031439
0,033772
0,031362
0,030218
0,030275
0,028147
0,026926
0,025948
0,024784
0,022489
0,022617
0,021217
0,020917
0,021115
0,019587
0,019651
0,015585
0,015195
0,015163
0,012005
0,012606
0,009928
0,011756
0,009199
0,007793
0,007217
0,004948
0,005594
0,003938
0,003318
0,001285
-0,001496
-0,001828
-0,004226
-0,005108
-0,007786
-0,008285
-0,010516
-0,011647
-0,013795
-0,015911
-0,015751
-0,019887
-0,019855
-0,019523
-0,02013
-0,02146
-0,022566
-0,022988
-0,023314
-0,024107
-0,023129
-0,024311
-0,023793
-0,024963
-0,023717
-0,025992
-0,025948
-0,024318
-0,027686
-0,027546
-0,0294
-0,028486
-0,028275
-0,028422
-0,027949
-0,028581
-0,028204
-0,029099
-0,029278
-0,029022
-0,029163
-0,029802
-0,028888
-0,029764
-0,029783
-0,030231
-0,028236
-0,028639
-0,029892
-0,027475
-0,028364
-0,027412
-0,026529
-0,024567
-0,025065
-0,022087
-0,022476
-0,021562
-0,020405
-0,016908
-0,01625
-0,01391
-0,012939
-0,011986
-0,008425
-0,006763
-0,006533
-0,005779
-0,002647
-0,000972
0,000991
0,002129
0,00512
0,00537
0,008163
0,009678
0,010708
0,011973
0,013233
0,015438
0,016723
0,02084
0,022879
0,025487
0,027501
0,030186
0,03195
0,034201
0,03539
0,038567
0,038356
0,040855
0,041181
0,042818
0,044589
0,043233
0,045989
0,045707
0,046097
0,048041
0,048418
0,049914
0,051946
0,053525
0,053442
0,055756
0,055987
0,056965
0,059132
0,057514
0,056907
0,055891
0,054906
0,055245
0,052643
0,05341
0,051039
0,049115
0,048597
0,048418
0,046474
0,047708
0,048354
0,046922
0,046072
0,046423
0,046308
0,046078
0,04471
0,042441
0,042089
0,040369
0,037231
0,034789
0,033401
0,029956
0,028402
0,024062
0,021677
0,022176
0,018257
0,017497
0,015266
0,012683
0,012856
0,009762
0,007013
0,005389
0,004392
0,00271
-0,001221
-0,001899
-0,00211
-0,004897
-0,004878
-0,006706
-0,008764
-0,009276
-0,00847
-0,006322
-0,007134
-0,009372
-0,010375
-0,012146
-0,013009
-0,016001
-0,015994
-0,018385
-0,019766
-0,024931
-0,024298
-0,02791
-0,030173
-0,031439
-0,031081
-0,029643
-0,032583
-0,030959
-0,027482
-0,02977
-0,027546
-0,027974
-0,025097
-0,027213
-0,02573
-0,02777
-0,030116
-0,032187
-0,032046
-0,033011
-0,033632
-0,035274
-0,036802
-0,036214
-0,037032
-0,037352
-0,035383
-0,035632
-0,03608
-0,034801
-0,034488
-0,032117
-0,034527
-0,035064
-0,034149
-0,036393
-0,036233
-0,038944
-0,041571
-0,040734
-0,039852
-0,042479
-0,042901
-0,043502
-0,043866
-0,044454
-0,043355
-0,04354
-0,04246
-0,041322
-0,040689
-0,038752
-0,037621
-0,037116
-0,035294
-0,03436
-0,033587
-0,033587
-0,034437
-0,031925
-0,03234
-0,030039
-0,027942
-0,026753
-0,024573
-0,021748
-0,018392
-0,018705
-0,014895
-0,013488
-0,012996
-0,010228
-0,010056
-0,008592
-0,009678
-0,008374
-0,008291
-0,006552
-0,007614
-0,006981
-0,007281
-0,006201
-0,005236
-0,001119
0,001368
0,000767
0,001291
0,005459
0,007729
0,008777
0,010599
0,011091
0,012338
0,011667
0,011833
0,010049
0,010458
0,011296
0,008771
0,011034
0,011686
0,013712
0,01407
0,013981
0,015272
0,017266
0,01795
0,020565
0,021844
0,023141
0,024612
0,022866
0,023761
0,022323
0,023915
0,022758
0,023646
0,022393
0,021895
0,023614
0,022368
0,023608
0,023621
0,024062
0,023889
0,027226
0,029016
0,026804
0,030506
0,029879
0,030806
0,029029
0,030825
0,029304
0,028255
0,027117
0,025903
0,024222
0,026005
0,023359
0,022355
0,021038
0,020271
0,021844
0,023116
0,021601
0,023998
0,023998
0,025634
0,026804
0,026235
0,02394
0,025174
0,024848
0,023512
0,021045
0,017599
0,014677
0,011641
0,009333
0,008042
0,00801
0,006917
0,004181
0,006808
0,005082
0,005817
0,005095
0,007927
0,007594
0,006329
0,005741
0,005472
0,005836
0,004922
0,002826
0,00032
-0,002378
-0,003644
-0,005983
-0,005964
-0,006067
-0,007403
-0,00755
-0,008579
-0,00785
-0,007882
-0,007038
-0,00592
-0,004532
-0,005517
-0,004398
-0,004417
-0,004315
-0,007684
-0,008368
-0,009295
-0,011986
-0,010919
-0,011149
-0,014626
-0,01501
-0,014409
-0,015502
-0,017541
-0,017318
-0,016448
-0,017107
-0,016314
-0,016845
-0,019619
-0,019702
-0,01781
-0,017688
-0,019338
-0,018034
-0,020808
-0,020738
-0,02077
-0,021339
-0,020846
-0,019792
-0,020987
-0,021115
-0,020143
-0,018347
-0,01609
-0,016045
-0,015892
-0,012734
-0,012434
-0,01049
-0,009621
-0,008272
-0,009199
-0,007173
-0,008163
-0,007185
-0,002838
-0,00349
-0,002308
-0,00218
-0,001106
-0,000575
0,000403
0,000729
0,000473
0,00085
0,002199
0,003407
0,002838
0,00335
0,004667
0,006917
0,007288
0,008374
0,008598
0,008809
0,011181
0,011941
0,011922
0,010567
0,012977
0,010842
0,014
0,012402
0,012178
0,012466
0,012971
0,013214
0,011954
0,012012
0,012657
0,014741
0,014409
0,013655
0,014761
0,013162
0,014722
0,014441
0,012971
0,012581
0,009793
0,010151
0,007588
0,008521
0,005753
0,006994
0,0059
0,004705
0,004449
0,003848
0,004526
0,005728
0,00654
0,006169
0,007665
0,008483
0,00872
0,007633
0,008355
0,008291
0,007511
0,008873
0,007211
0,005721
0,00427
0,00225
0,003535
0,001726
0,000914
0,001534
-0,00094
-0,001387
-0,00032
-0,001298
-0,001489
-0,001994
-0,00179
-0,003062
-0,002915
-0,003836
-0,004603
-0,003478
-0,006859
-0,006386
-0,007045
-0,007633
-0,007505
-0,009122
-0,009666
-0,010388
-0,010286
-0,010107
-0,00801
-0,00934
-0,010765
-0,009972
-0,009372
-0,008215
-0,011008
-0,010983
-0,012414
-0,010887
-0,012108
-0,012504
-0,013316
-0,013693
-0,014863
-0,016793
-0,01749
-0,017803
-0,018788
-0,017938
-0,018788
-0,018577
-0,018647
-0,018251
-0,019389
-0,017963
-0,019824
-0,017938
-0,018398
-0,017471
-0,018871
-0,016608
-0,017445
-0,014722
-0,01253
-0,013674
-0,010471
-0,010094
-0,008355
-0,007652
-0,005306
-0,006994
-0,006329
-0,005792
-0,00684
-0,005913
-0,007358
-0,00599
-0,007128
-0,007639
-0,00755
-0,008157
-0,007236
-0,006962
-0,006949
-0,006731
-0,007946
-0,006738
-0,004526
-0,005248
-0,003433
-0,00241
-0,003529
-0,002058
-0,001061
0,000185
-0,001816
-0,001771
-0,002493
