0,002832
0,002327
0,001841
0,001573
0,003267
0,001131
-0,001247
-0,000914
-0,001458
-0,002858
-0,004494
-0,009078
-0,011507
-0,013968
-0,018072
-0,020348
-0,024707
-0,030927
-0,037179
-0,045336
-0,053001
-0,061337
-0,066669
-0,068324
-0,069993
-0,070875
-0,073931
-0,075823
-0,078322
-0,08375
-0,084907
-0,084741
-0,080713
-0,071233
-0,058186
-0,040043
-0,025596
-0,007128
0,013092
0,028684
0,043879
0,058863
0,075177
0,08414
0,095793
0,104743
0,112811
0,120776
0,124931
0,128722
0,131976
0,133229
0,130863
0,129188
0,127226
0,123314
0,121242
0,11843
0,114012
0,105453
0,095308
0,080266
0,062494
0,047516
0,029547
0,006527
-0,013341
-0,027399
-0,040363
-0,046116
-0,050764
-0,050828
-0,048207
-0,038905
-0,029157
-0,018366
-0,011078
-0,006674
-0,006501
-0,010107
-0,020284
-0,036732
-0,048354
-0,065313
-0,076034
-0,083302
-0,090104
-0,095704
-0,100345
-0,104449
-0,108406
-0,110592
-0,11336
-0,109544
-0,107952
-0,102506
-0,091165
-0,084945
-0,074046
-0,067295
-0,058397
-0,051077
-0,037282
-0,030435
-0,021224
-0,012363
-0,001668
0,007415
0,01462
0,021185
0,026926
0,037128
0,043777
0,049939
0,053468
0,055833
0,053123
0,047964
0,042805
0,036489
0,029758
0,027706
0,026344
0,027686
0,031535
0,037915
0,044902
0,05263
0,059669
0,066093
0,073362
0,076795
0,083213
0,085859
0,083526
0,07916
0,072058
0,063313
0,056217
0,046315
0,033427
0,023576
0,012255
0,00039
-0,009218
-0,017196
-0,022368
-0,024746
-0,023033
-0,025602
-0,024516
-0,024528
-0,023953
-0,022822
-0,023953
-0,025928
-0,030576
-0,034507
-0,039353
-0,045797
-0,052343
-0,056249
-0,060877
-0,064623
-0,065377
-0,064291
-0,065007
-0,06399
-0,057329
-0,057227
-0,052087
-0,045631
-0,04207
-0,037563
-0,031643
-0,031375
-0,028428
-0,024394
-0,02426
-0,021492
-0,019971
-0,022189
-0,019855
-0,019485
-0,016384
-0,012376
-0,010247
-0,006757
-0,00179
0,003727
0,010765
0,017867
0,023288
0,029489
0,037052
0,041124
0,046455
0,047088
0,053954
0,054906
0,05699
0,058435
0,059822
0,060596
0,059733
0,060513
0,060276
0,060161
0,059765
0,058505
0,060308
0,05901
0,058582
0,058294
0,05683
0,054708
0,052643
0,051716
0,047542
0,043975
0,04058
0,035204
0,031778
0,02775
0,020968
0,016065
0,01081
0,00769
0,002314
-0,000179
-0,00677
-0,008131
-0,01253
-0,014345
-0,017624
-0,021006
-0,024624
-0,027744
-0,027616
-0,031618
-0,034079
-0,035147
-0,037205
-0,036099
-0,039174
-0,040286
-0,043841
-0,043968
-0,048648
-0,046168
-0,049651
-0,049939
-0,048884
-0,050457
-0,046736
-0,046001
-0,044461
-0,041635
-0,036949
-0,036387
-0,032564
-0,028844
-0,025666
-0,022969
-0,018455
-0,015502
-0,010893
-0,00824
-0,005165
-0,002672
0,001739
0,003663
0,006584
0,009116
0,011871
0,012945
0,015189
0,018002
0,020047
0,023282
0,026024
0,025232
0,026587
0,02752
0,02869
0,027674
0,025801
0,02387
0,024209
0,023314
0,022643
0,020763
0,021505
0,017778
0,019849
0,019529
0,018494
0,016646
0,016979
0,017011
0,015745
0,013469
0,012561
0,010171
0,008611
0,009084
0,005127
0,00326
0,002359
0,001931
-0,000953
-0,003215
-0,005651
-0,008694
-0,012338
-0,014383
-0,018277
-0,019971
-0,021914
-0,025583
-0,02885
-0,029905
-0,032685
-0,032788
-0,033945
-0,033197
-0,032622
-0,028991
-0,028888
-0,026721
-0,023589
-0,020271
-0,018724
-0,015962
-0,011673
-0,010068
-0,008138
-0,005983
-0,005101
-0,003759
-0,002237
3,2E-05
0,000141
0,001477
0,003036
0,005977
0,006437
0,009314
0,012753
0,012242
0,014575
0,016039
0,016384
0,022924
0,022675
0,024867
0,024567
0,022649
0,022157
0,021102
0,020603
0,018206
0,014409
0,014179
0,01182
0,011085
0,008585
0,007089
0,005076
0,004788
0,001438
8,9E-05
-0,000786
-0,001272
-0,0003
-0,004142
-0,003548
-0,004488
-0,006572
-0,00521
-0,006853
-0,008419
-0,009845
-0,009525
-0,01012
-0,010292
-0,013239
-0,013437
-0,014313
-0,014773
-0,013412
-0,013853
-0,010618
-0,010107
-0,009442
-0,006859
-0,006949
-0,00528
-0,002742
-0,003331
-0,001016
-0,000358
0,000844
0,003132
0,00413
0,005261
0,005811
0,008879
0,009749
0,011142
0,012977
0,013041
0,014639
0,016704
0,017503
0,019031
0,019037
0,02155
0,021064
0,020297
0,020015
0,018053
0,018104
0,016678
0,014288
0,014383
0,011117
0,010081
0,008406
0,00778
0,006623
0,004411
0,005626
0,004763
0,004226
0,005242
0,004002
0,003593
0,005357
0,005063
0,005402
0,004366
0,003868
0,003375
0,003439
0,001931
0,000384
0,000492
-0,001195
-0,002103
-0,001809
-0,003503
-0,003222
-0,0028
-0,003305
-0,002167
-0,000569
-0,000908
0,000805
0,001381
0,003573
0,003721
0,005293
0,004085
0,009365
0,006885
0,008042
0,006648
0,008234
0,006949
0,007505
0,008144
0,008067
0,007729
0,009097
0,011468
0,009691
0,010804
0,011692
0,011532
0,01035
0,010823
0,009352
0,009934
0,00909
0,009378
0,008253
0,007428
0,004187
4,5E-05
-0,001534
-0,006866
-0,00847
-0,012056
-0,01391
-0,01274
-0,013354
-0,012587
-0,01299
-0,012849
-0,012389
-0,01104
-0,011213
-0,010407
-0,009985
-0,010075
-0,010983
-0,01088
-0,009698
-0,012785
-0,010151
-0,010305
-0,011622
-0,010861
-0,008604
-0,010548
-0,009467
-0,009193
-0,009557
-0,009793
-0,009199
-0,009461
-0,007991
-0,008975
-0,007198
-0,006418
-0,006936
-0,006559
-0,005402
-0,003669
-0,00583
-0,002237
-0,003503
-0,002794
-0,00271
1,9E-05
0,000377
0,000575
0,002742
0,004034
0,002889
0,004155
0,005849
0,006891
0,008317
0,009436
0,008758
0,007447
0,009161
0,009698
0,007965
0,007665
0,007179
0,00576
0,006258
0,005204
0,003401
0,004373
0,002225
0,002781
0,001643
0,002448
0,000742
0,001253
0,002563
0,001585
0,002717
0,001157
0,001854
0,003337
0,003299
0,002436
0,004826
0,003471
0,004123
0,004699
0,004897
0,005817
0,004763
0,00273
0,002583
0,00312
0,003081
0,003689
0,003331
0,001649
0,00349
0,001048
0,001426
0,001253
0,000997
0,003868
0,000147
-0,000786
-0,000639
-0,000991
-0,002679
-0,003746
-0,002723
-0,002218
-0,002723
-0,003573
-0,003024
-0,004884
-0,005184
-0,004532
-0,004053
-0,003343
-0,001822
-0,002142
-0,000793
0,000825
0,000729
0,000492
0,000921
0,003318
0,003669
0,004839
0,006284
0,005958
0,00512
0,003695
0,004635
0,004117
0,001771
0,002039
0,001713
-0,00016
-0,001215
-0,002889
-0,001816
-0,002135
-0,004174
-0,006482
-0,006533
-0,005798
-0,005178
-0,006699
-0,008899
-0,007236
-0,00592
-0,007965
-0,00723
-0,007288
-0,009455
-0,010222
-0,008553
-0,009161
-0,008879
-0,010471
-0,012165
-0,011667
-0,009205
-0,010228
-0,010388
-0,011142
-0,012772
-0,011635
-0,011903
-0,012945
-0,01345
-0,012875
-0,016308
-0,017899
-0,017394
-0,018487
-0,018283
-0,015822
-0,016435
-0,014658
-0,013143
-0,014236
-0,010337
-0,007716
-0,005983
-0,00576
-0,00248
-0,000205
0,00296
0,004123
0,005741
0,006003
0,005709
0,008291
0,008707
0,009627
0,010452
0,0112
0,009538
0,009806
0,009001
0,008266
0,008067
0,005792
0,003912
0,002563
0,002212
-0,001726
-0,002237
-0,001796
-0,0031
-0,004513
-0,005881
-0,004705
-0,005152
-0,006303
-0,004289
-0,003088
-0,00209
-0,002058
-0,000198
0,001023
0,002365
0,001285
0,001528
0,002538
-0,000818
-0,001445
-0,002282
-0,002397
-0,00374
-0,005721
-0,005977
-0,005357
-0,004213
-0,004488
-0,002666
-0,001036
-0,000831
0,002231
0,004117
0,005159
0,007326
0,010509
0,012357
0,012242
0,013616
0,014454
0,013782
0,017413
0,015323
0,016947
0,018104
0,018155
0,018903
0,018647
0,017196
0,015406
0,015553
0,014729
0,013482
0,011577
0,01228
0,009391
0,007697
0,007869
0,007658
0,006962
0,005536
0,006699
0,005939
0,009103
0,007626
0,008707
0,008892
0,009857
0,010247
0,012414
0,011443
0,010382
0,010963
0,010631
0,009467
0,010094
0,00755
0,008323
0,008106
0,005939
0,00654
0,005971
0,005715
0,005319
0,00466
0,00381
0,005856
0,003868
0,005402
0,003765
0,004296
0,004903
0,004635
0,004015
0,004903
0,004903
0,003682
0,003458
0,005913
0,00631
0,004993
0,005376
0,004826
0,006962
0,008087
0,009461
0,00872
0,009161
0,007639
0,006834
0,007121
0,00769
0,006757
0,006418
0,00661
0,003478
0,00319
0,001982
-0,000505
-0,00156
-0,004162
-0,002953
-0,003963
-0,003676
-0,004136
-0,005312
-0,004941
-0,005542
-0,0056
-0,006169
-0,00567
-0,005268
-0,004922
-0,00732
-0,005114
-0,006559
-0,006067
-0,005983
-0,006968
-0,008521
-0,008547
-0,00732
-0,007639
-0,00654
-0,006079
-0,008445
-0,00551
-0,004826
-0,004731
-0,005376
-0,005127
-0,004373
-0,004251
-0,00349
-0,003452
-0,004053
-0,003209
-0,003586
-0,003171
-0,002122
-0,003113
-0,001541
-0,001899
-0,003158
-0,002551
-0,001125
0,000352
0,000479
0,000601
0,002058
0,00381
0,003912
0,005344
0,006341
0,00707
0,008202
0,006891
0,007658
0,005619
0,0073
0,005804
0,004436
0,003669
0,005523
0,00436
0,003899
0,003637
0,002103
0,004494
0,005478
0,004826
0,003823
0,006776
0,006565
0,006303
0,008061
0,008751
0,00794
0,007543
0,007032
0,007959
0,008067
0,007422
0,008093
0,007671
0,007773
0,007626
0,008988
0,009161
0,010158
0,009378
0,010963
0,0112
0,012434
0,009257
0,011123
0,010452
0,009659
0,008758
0,009225
0,007741
0,007997
0,005184
0,005971
0,004692
0,005395
0,003676
0,002244
0,002781
0,003017
0,000774
-0,000447
-0,00016
0,000901
0,00046
-0,000377
0,001419
0,002321
0,003254
0,004008
0,003337
0,003017
0,0031
0,005351
0,005133
0,005069
0,005645
0,004577
0,004449
0,00234
0,00452
0,004206
0,003388
0,003299
0,004577
0,005517
0,005076
0,005504
0,007844
0,007153
0,008604
0,007153
0,008477
0,008144
0,006322
0,008074
0,007984
0,005683
0,006795
0,006265
0,0073
0,006693
0,00638
0,005996
0,00654
0,007697
0,007332
0,007147
0,006629
0,006373
0,00592
0,005779
0,004615
0,0028
0,002563
0,001087
-0,001202
-0,000556
-0,002583
-0,004468
-0,005351
-0,004794
-0,007403
-0,008528
-0,008592
-0,010164
-0,011027
-0,01221
-0,013578
-0,01354
-0,013776
-0,013968
-0,01377
-0,015016
-0,015604
-0,015918
-0,017017
-0,016666
-0,019683
-0,019261
-0,018571
-0,018782
-0,01882
-0,018775
-0,019184
-0,017151
-0,015898
-0,013591
-0,011583
-0,010522
-0,008451
-0,006335
-0,003561
-0,004398
-0,003337
-0,004379
-0,003209
-0,00459
-0,00567
-0,006994
-0,008668
-0,009269
-0,009276
-0,008061
-0,005491
-0,004328
-0,00218
0,000595
0,002832
0,006399
0,009129
0,011123
0,009237
0,012414
0,011852
0,009154
0,009557
0,005357
0,003983
0,001176
0,000109
-0,003995
-0,003414
-0,0042
-0,004552
-0,00489
-0,004935
0,000812
0,001074
0,001426
0,002378
0,003478
0,007077
0,005383
0,005945
0,005395
0,003874
0,003906
0,003497
0,000422
-9,6E-05
-0,000422
-0,001963
-0,002755
-0,002276
-0,003215
-0,002167
-0,001924
-0,000185
8,3E-05
0,001227
0,003407
0,005402
0,007908
0,008406
0,010676
0,009455
0,010861
0,011321
0,01081
0,009193
0,006099
0,006329
0,004283
0,00195
0,001828
-0,000403
-0,000537
-0,000665
-0,000224
0,001426
0,004488
0,00411
0,004481
0,008048
0,007511
0,008969
0,009327
0,009359
0,008899
0,009717
0,00925
0,008585
0,006246
0,005159
0,00615
0,007607
0,00872
0,009583
0,008406
0,013488
0,014134
0,016007
0,01655
0,020054
0,017509
0,018992
0,015617
0,015739
0,011903
0,010056
0,009052
0,004021
0,002289
-0,001272
-0,002973
-0,003241
-0,003081
-0,002205
-0,000352
0,000332
0,002129
0,002135
0,005383
0,004289
0,005012
0,004775
0,004309
0,003375
0,001247
-0,002493
-0,003005
-0,006712
-0,005753
-0,009397
-0,00964
-0,010784
-0,009742
-0,010267
-0,007658
-0,006047
-0,005031
-0,001732
-0,003465
-0,001643
-0,001055
-0,001502
-0,001796
-0,001489
-0,003535
-0,005696
-0,003465
-0,002838
-0,00466
-0,003931
-0,003778
-0,003382
-0,002915
-0,002244
-0,001854
-0,002359
-0,002263
-0,002806
-0,000972
-0,002717
-0,00202
-0,002883
-0,000965
-0,001464
-0,002774
-0,002864
-0,004731
-0,003062
-0,002301
-0,003618
-0,003797
-0,004034
-0,004609
-0,005274
-0,005057
-0,003874
-0,004347
-0,005811
-0,004456
-0,004552
-0,001138
-0,000607
0,00071
-0,000198
0,001317
0,000153
-0,000633
0,00071
0,001349
-0,001285
-0,00271
-0,001445
-0,001784
-0,00241
-0,003765
-0,003145
-0,004731
-0,003861
-0,00514
-0,003631
-0,004008
-0,005184
-0,005427
-0,006118
-0,006808
-0,006111
-0,00792
-0,007978
-0,007837
-0,007652
-0,008342
-0,007825
-0,009455
-0,008598
-0,007991
-0,008515
-0,006846
-0,004194
-0,003311
-0,003292
-0,002512
-7,7E-05
0,00257
0,002557
0,004718
0,00551
0,007837
0,009436
0,009423
0,009762
0,012031
0,013629
0,01189
0,012101
0,011884
0,009646
0,010203
0,010088
0,010369
0,008419
0,007524
0,008036
0,005466
0,006329
0,007032
0,005044
0,006514
0,008259
0,007211
0,007607
0,005945
0,006501
0,004833
0,007556
0,006859
0,004705
0,003868
0,001624
0,000844
0,00062
-0,001637
-0,003177
-0,005408
-0,006444
-0,004456
-0,006009
-0,006143
-0,004775
-0,005229
-0,004871
-0,004181
-0,006731
-0,003772
-0,005587
-0,00537
-0,004986
-0,007447
-0,006035
-0,007038
-0,008029
-0,010254
-0,010925
-0,009084
-0,010139
-0,010471
-0,008585
-0,00941
-0,00808
-0,006923
-0,007729
-0,00833
-0,009557
-0,008087
-0,007019
-0,00615
-0,008585
-0,008285
-0,00716
-0,006802
-0,00716
-0,007415
-0,005996
-0,008202
-0,00785
-0,006143
-0,004782
-0,0031
-0,002148
-0,003241
-0,001892
-0,001496
-0,00108
-0,001157
-0,001477
-0,00147
-0,002429
-0,003727
-0,005728
-0,007396
-0,005613
-0,004986
-0,007141
-0,005453
-0,006226
-0,006373
-0,004807
-0,00436
