0,008553
0,007083
0,007511
0,006687
0,005504
0,005415
0,004123
0,002544
0,002672
-7E-05
-0,002205
-0,005057
-0,006565
-0,010356
-0,011967
-0,016224
-0,019459
-0,025443
-0,035626
-0,041648
-0,050572
-0,056626
-0,062999
-0,068324
-0,068721
-0,06943
-0,075733
-0,08102
-0,086793
-0,089024
-0,089139
-0,08265
-0,073055
-0,060986
-0,045266
-0,024145
-0,005255
0,012638
0,027034
0,042326
0,059995
0,071367
0,086492
0,101336
0,115444
0,124106
0,131145
0,133855
0,135856
0,135019
0,132052
0,129911
0,125378
0,119619
0,115016
0,108227
0,1017
0,095589
0,079652
0,067327
0,045547
0,034661
0,015093
0,002838
-0,013047
-0,023199
-0,034309
-0,041814
-0,046871
-0,048999
-0,04627
-0,043534
-0,038624
-0,035134
-0,024349
-0,0224
-0,022061
-0,021518
-0,023429
-0,032008
-0,038305
-0,046653
-0,055603
-0,061868
-0,067397
-0,074122
-0,078565
-0,080732
-0,078789
-0,074608
-0,071706
-0,069865
-0,066643
-0,062245
-0,057987
-0,0563
-0,054318
-0,05217
-0,048923
-0,042843
-0,037148
-0,028812
-0,01912
-0,006936
0,002205
0,009512
0,019261
0,030224
0,043073
0,051352
0,059381
0,064316
0,071482
0,071943
0,0745
0,071859
0,069322
0,061964
0,051787
0,04494
0,035415
0,026619
0,017631
0,016448
0,012606
0,0112
0,012549
0,015259
0,019747
0,024567
0,029016
0,03498
0,038119
0,038874
0,041264
0,0395
0,035505
0,031426
0,022981
0,016231
0,008675
-0,002122
-0,010963
-0,020693
-0,027284
-0,033171
-0,037972
-0,041367
-0,04198
-0,04035
-0,037058
-0,035108
-0,032749
-0,031727
-0,032059
-0,031624
-0,030857
-0,034603
-0,036502
-0,038228
-0,043559
-0,045675
-0,051697
-0,056517
-0,059228
-0,062258
-0,063121
-0,063031
-0,062066
-0,062513
-0,057783
-0,053992
-0,050809
-0,045509
-0,040676
-0,036662
-0,030135
-0,027789
-0,021748
-0,021198
-0,017362
-0,016653
-0,016167
-0,014268
-0,012581
-0,008381
-0,007377
-0,002806
0,000742
0,003944
0,009122
0,009608
0,012964
0,015707
0,018813
0,019817
0,023301
0,026146
0,029067
0,032935
0,034827
0,037889
0,043655
0,046174
0,051672
0,054938
0,061158
0,063952
0,065294
0,06867
0,069801
0,071853
0,072045
0,073048
0,069373
0,068356
0,068733
0,070319
0,0692
0,068363
0,069488
0,068542
0,070089
0,074698
0,074461
0,074078
0,074429
0,076245
0,07372
0,071112
0,069437
0,066323
0,064335
0,058914
0,052886
0,048999
0,044026
0,040152
0,03702
0,033369
0,031126
0,029611
0,028831
0,029131
0,028594
0,026171
0,027392
0,027424
0,025813
0,024458
0,02045
0,016717
0,008598
0,003804
-0,00388
-0,009672
-0,019395
-0,02612
-0,029937
-0,034789
-0,038746
-0,04081
-0,038266
-0,038861
-0,035958
-0,02908
-0,025149
-0,022342
-0,018583
-0,016889
-0,012977
-0,012593
-0,014396
-0,015208
-0,018046
-0,017394
-0,021249
-0,024701
-0,031023
-0,036962
-0,039385
-0,042901
-0,045094
-0,048399
-0,050514
-0,049434
-0,050048
-0,051902
-0,051167
-0,051358
-0,051384
-0,052234
-0,053238
-0,053493
-0,056108
-0,057956
-0,062175
-0,063786
-0,069699
-0,071227
-0,074557
-0,07769
-0,078431
-0,080215
-0,08242
-0,082241
-0,083833
-0,083558
-0,083411
-0,083027
-0,086262
-0,084491
-0,084798
-0,088109
-0,088391
-0,08832
-0,088762
-0,087835
-0,088698
-0,087835
-0,085802
-0,083628
-0,081685
-0,079077
-0,075414
-0,073048
-0,068017
-0,066176
-0,063185
-0,058013
-0,055801
-0,050783
-0,045618
-0,0381
-0,035556
-0,028038
-0,02215
-0,018539
-0,012216
-0,008585
-0,003548
0,000722
0,006795
0,008112
0,012542
0,016193
0,022489
0,026133
0,027245
0,028038
0,03103
0,035044
0,037442
0,041181
0,042664
0,042888
0,046781
0,050642
0,050917
0,052675
0,056415
0,05653
0,05878
0,060992
0,064374
0,062865
0,063114
0,063466
0,065505
0,066662
0,066228
0,067615
0,068727
0,070383
0,069347
0,072754
0,07223
0,071578
0,073566
0,073477
0,070555
0,06966
0,067295
0,065671
0,065659
0,06282
0,062437
0,059151
0,05862
0,055411
0,055929
0,05343
0,056338
0,055929
0,055488
0,055117
0,053493
0,053449
0,054165
0,053896
0,051435
0,05256
0,047062
0,04526
0,045918
0,041565
0,037116
0,038522
0,033478
0,031899
0,029483
0,027693
0,027405
0,024605
0,023416
0,020124
0,019587
0,018308
0,015598
0,013719
0,015138
0,011635
0,008962
0,00895
0,006393
0,005415
0,002832
0,001042
-0,001617
-0,004411
-0,005447
-0,007019
-0,006124
-0,009864
-0,010433
-0,01035
-0,010778
-0,013393
-0,013642
-0,012478
-0,013789
-0,014748
-0,016039
-0,01609
-0,019619
-0,018296
-0,020245
-0,020584
-0,024874
-0,024164
-0,025513
-0,025072
-0,02596
-0,025391
-0,02573
-0,027565
-0,026376
-0,026114
-0,025526
-0,025622
-0,022604
-0,024503
-0,026056
-0,025769
-0,023889
-0,024011
-0,026485
-0,024567
-0,022988
-0,023742
-0,02286
-0,023148
-0,021479
-0,021991
-0,019932
-0,018206
-0,015182
-0,018302
-0,016186
-0,014607
-0,013744
-0,012306
-0,013182
-0,012287
-0,010842
-0,010273
-0,014025
-0,011372
-0,013086
-0,01003
-0,011877
-0,013898
-0,014077
-0,012926
-0,014972
-0,014319
-0,013207
-0,014211
-0,016557
-0,015272
-0,015413
-0,015151
-0,01625
-0,015502
-0,017695
-0,01501
-0,014307
-0,013629
-0,014262
-0,013961
-0,015355
-0,015106
-0,013898
-0,013814
-0,014013
-0,013559
-0,012434
-0,011264
-0,009576
-0,008183
-0,007882
-0,007051
-0,002595
-0,001732
-0,002506
-0,001272
0,003043
0,003938
0,005178
0,006584
0,00739
0,007588
0,009423
0,009116
0,01097
0,00833
0,009742
0,007562
0,008962
0,008892
0,009397
0,00964
0,010107
0,011948
0,012485
0,015751
0,016621
0,013795
0,014965
0,015221
0,015771
0,014908
0,013437
0,012498
0,012517
0,011526
0,012172
0,012037
0,012798
0,014064
0,013961
0,016877
0,017151
0,019005
0,019734
0,020687
0,019849
0,020265
0,019082
0,018347
0,014793
0,016205
0,01524
0,01352
0,012421
0,010522
0,010484
0,008151
0,006482
0,003733
0,004609
0,004718
0,004296
0,00411
0,003548
0,005338
0,00381
0,002065
-1,9E-05
-0,001438
-0,001131
-0,003196
-0,003887
-0,006418
-0,004539
-0,006725
-0,006316
-0,005427
-0,005683
-0,005466
-0,006763
-0,006476
-0,006501
-0,008675
-0,007364
-0,00902
-0,010068
-0,00934
-0,011366
-0,010957
-0,012133
-0,009806
-0,01173
-0,011372
-0,009148
-0,00918
-0,010056
-0,009141
-0,009186
-0,008892
-0,010062
-0,010088
-0,008783
-0,011762
-0,011404
-0,013431
-0,014256
-0,016729
-0,017663
-0,018443
-0,018142
-0,020322
-0,019702
-0,020738
-0,021709
-0,021716
-0,02396
-0,022771
-0,024234
-0,024011
-0,02403
-0,022112
-0,023717
-0,024471
-0,02621
-0,027194
-0,027591
-0,029035
-0,027565
-0,027335
-0,02862
-0,025711
-0,027782
-0,030064
-0,027335
-0,030039
-0,02917
-0,030934
-0,033453
-0,03158
-0,032417
-0,031126
-0,032455
-0,031343
-0,030141
-0,02839
-0,026197
-0,025711
-0,020182
-0,019082
-0,015234
-0,012478
-0,010644
-0,006987
-0,003637
-0,002436
-0,001394
0,002071
0,004686
0,007409
0,006035
0,008413
0,007901
0,008374
0,010151
0,011302
0,011078
0,012945
0,012216
0,01072
0,010356
0,011002
0,009116
0,007147
0,005664
0,004296
0,003247
0,001553
0,002813
0,006994
0,00723
0,010369
0,013329
0,01531
0,016557
0,018615
0,020309
0,021473
0,02419
0,022751
0,028824
0,027961
0,027495
0,028307
0,027482
0,02814
0,02814
0,026612
0,027079
0,02293
0,024931
0,026056
0,026644
0,023723
0,025884
0,028556
0,027584
0,029329
0,026804
0,029118
0,028696
0,025743
0,026517
0,028281
0,02683
0,026964
0,027181
0,026676
0,02876
0,032513
0,030333
0,034443
0,034309
0,033843
0,03546
0,03599
0,033574
0,03243
0,032577
0,031004
0,029489
0,027322
0,022547
0,021601
0,018494
0,017254
0,016014
0,013693
0,014204
0,011935
0,010394
0,011686
0,009627
0,010478
0,009979
0,007844
0,009474
0,006386
0,007383
0,005741
0,00553
0,004443
0,001131
-4,5E-05
-0,002199
-0,004219
-0,003989
-0,006885
-0,010497
-0,009461
-0,010778
-0,011213
-0,012165
-0,012945
-0,01492
-0,014677
-0,015368
-0,018871
-0,019344
-0,020367
-0,019683
-0,020277
-0,024886
-0,024509
-0,024842
-0,023985
-0,025034
-0,025903
-0,024497
-0,023844
-0,020405
-0,023129
-0,022636
-0,020923
-0,021812
-0,019319
-0,022592
-0,022911
-0,021396
-0,021735
-0,024119
-0,022886
-0,024081
-0,025743
-0,025232
-0,024586
-0,025085
-0,024931
-0,024017
-0,02456
-0,025334
-0,025858
-0,02612
-0,025219
-0,02605
-0,02247
-0,025833
-0,023052
-0,023276
-0,02394
-0,022476
-0,021377
-0,02178
-0,021339
-0,020712
-0,02208
-0,01999
-0,017119
-0,016173
-0,015035
-0,013757
-0,013137
-0,010081
-0,007633
-0,004897
-0,002391
0,001726
0,000607
0,002979
0,006405
0,007038
0,008739
0,010912
0,012868
0,014377
0,014511
0,013968
0,019408
0,020207
0,022745
0,024835
0,027162
0,029048
0,030576
0,036246
0,037953
0,039283
0,04044
0,040906
0,045081
0,046896
0,046596
0,048654
0,047651
0,050061
0,052451
0,052771
0,053123
0,055053
0,055929
0,058831
0,059106
0,059029
0,059176
0,059349
0,057738
0,057444
0,058697
0,056293
0,055239
0,054299
0,051633
0,051742
0,049364
0,050316
0,050054
0,047133
0,047606
0,048469
0,047222
0,046302
0,044953
0,044154
0,044339
0,040977
0,040491
0,038541
0,03539
0,034821
0,030346
0,028984
0,02628
0,026114
0,022131
0,021511
0,020335
0,019024
0,01315
0,012223
0,010874
0,009078
0,005491
0,005657
0,004072
0,000837
-0,003088
-0,004596
-0,006162
-0,007786
-0,008694
-0,009915
-0,008394
-0,012037
-0,009199
-0,010951
-0,008873
-0,010567
-0,009288
-0,011091
-0,010241
-0,011571
-0,011999
-0,014518
-0,015074
-0,018372
-0,020207
-0,02458
-0,0241
-0,028025
-0,029342
-0,029227
-0,031369
-0,030128
-0,030422
-0,02885
-0,031324
-0,030314
-0,028805
-0,029157
-0,028032
-0,029559
-0,030071
-0,03156
-0,032411
-0,035211
-0,035236
-0,036668
-0,036182
-0,040274
-0,038509
-0,039091
-0,037621
-0,036815
-0,036847
-0,035933
-0,037704
-0,037243
-0,03638
-0,039385
-0,037205
-0,038905
-0,039577
-0,039455
-0,042057
-0,04276
-0,043105
-0,042639
-0,042818
-0,04416
-0,041328
-0,043157
-0,041942
-0,041239
-0,042562
-0,040964
-0,03865
-0,036208
-0,037544
-0,036662
-0,033996
-0,034079
-0,031829
-0,032628
-0,03172
-0,030359
-0,027923
-0,028722
-0,026024
-0,024145
-0,021741
-0,019555
-0,019165
-0,017484
-0,013425
-0,011635
-0,009244
-0,010311
-0,006942
-0,005306
-0,003842
-0,003113
-0,004564
-0,003759
-0,001055
-0,00211
-0,003164
-0,000141
0,000173
0,001061
0,001873
0,003305
0,00365
0,006584
0,008828
0,011692
0,012216
0,013623
0,016122
0,014479
0,015508
0,013367
0,013047
0,013393
0,014454
0,014204
0,01313
0,011328
0,01244
0,014447
0,015918
0,017004
0,019721
0,020981
0,021997
0,023013
0,025264
0,024279
0,024918
0,026152
0,025526
0,024855
0,024215
0,02341
0,023423
0,024957
0,024234
0,023269
0,022502
0,024528
0,024714
0,026843
0,027277
0,026312
0,027744
0,028358
0,029611
0,030755
0,029221
0,031209
0,030218
0,029796
0,027993
0,027047
0,027309
0,023793
0,022822
0,021952
0,021422
0,021831
0,018858
0,020258
0,018634
0,020667
0,018539
0,019964
0,01976
0,02091
0,019191
0,022847
0,019242
0,01735
0,018085
0,015847
0,01088
0,00833
0,005172
0,004315
0,003804
3,2E-05
-0,001771
-0,000531
-0,002346
-0,002282
-0,000991
-0,001413
0,001394
-0,000646
-0,000984
0,001521
-0,00023
0,001732
-0,000652
-0,002921
-0,002167
-0,004667
-0,006987
-0,008758
-0,0084
-0,008106
-0,009493
-0,009979
-0,010963
-0,008726
-0,010682
-0,00964
-0,008617
-0,009429
-0,011072
-0,0084
-0,010343
-0,009742
-0,010458
-0,010388
-0,009947
-0,012408
-0,011232
-0,013079
-0,013834
-0,015911
-0,015668
-0,015464
-0,018091
-0,018232
-0,016256
-0,016327
-0,01694
-0,018929
-0,017548
-0,017407
-0,017075
-0,019664
-0,016736
-0,016877
-0,01749
-0,018059
-0,018283
-0,019894
-0,021895
-0,018564
-0,016237
-0,017835
-0,017778
-0,01811
-0,01547
-0,013655
-0,011462
-0,01159
-0,010554
-0,009474
-0,008317
-0,006335
-0,006968
-0,00404
-0,004334
-0,002321
-0,002551
-0,000147
-0,000198
0,001528
0,002934
0,002634
0,003049
0,003797
0,003068
0,003957
0,006073
0,007345
0,006994
0,0087
0,006578
0,011277
0,011238
0,01299
0,012689
0,012664
0,014684
0,014492
0,015304
0,015023
0,016282
0,01524
0,016704
0,014409
0,014268
0,013623
0,013098
0,014748
0,014703
0,014422
0,014614
0,01733
0,015489
0,016896
0,018187
0,016666
0,016173
0,017497
0,014741
0,014537
0,012414
0,011328
0,010075
0,00785
0,007236
0,005152
0,005395
0,004309
0,004251
0,003458
0,006386
0,004392
0,004686
0,006047
0,007531
0,007492
0,007908
0,008886
0,007901
0,008617
0,007946
0,006731
0,006156
0,006079
0,00397
0,004801
0,003426
0,001119
0,000722
-0,000511
-0,001426
-0,000403
-0,002998
-0,002154
-0,002838
-0,00179
-0,003426
-0,00365
-0,002391
-0,003267
-0,005504
-0,003292
-0,004328
-0,007128
-0,008131
-0,006028
-0,006795
-0,009845
-0,011379
-0,009442
-0,012025
-0,013297
-0,011136
-0,01253
-0,009998
-0,014217
-0,013814
-0,011302
-0,013661
-0,014594
-0,014594
-0,014933
-0,015668
-0,016761
-0,017305
-0,018794
-0,019625
-0,019734
-0,018603
-0,01944
-0,022227
-0,020597
-0,021799
-0,021741
-0,022329
-0,021511
-0,020904
-0,022521
-0,018372
-0,020143
-0,019542
-0,01935
-0,018571
-0,018117
-0,018225
-0,015291
-0,014147
-0,014025
-0,011775
-0,011641
-0,009742
-0,00957
-0,007467
-0,008266
-0,007773
-0,008694
-0,006808
-0,008502
-0,007236
-0,007332
-0,007524
-0,009231
-0,007467
-0,006578
-0,007531
-0,006252
-0,005747
-0,006156
-0,003829
-0,005504
-0,00342
-0,002282
-0,001055
0,000326
-0,000767
-0,000901
-0,000933
0,001016
0,001317
-0,002921
-0,00071
