0,008419
0,010004
0,008202
0,007435
0,00801
0,007594
0,006143
0,004667
0,003925
0,00179
-0,000889
-0,001879
-0,003554
-0,00879
-0,012012
-0,014869
-0,018954
-0,022023
-0,029623
-0,034443
-0,044352
-0,053116
-0,059355
-0,062903
-0,067755
-0,068817
-0,070632
-0,074858
-0,080911
-0,084932
-0,085821
-0,0832
-0,079601
-0,065799
-0,049677
-0,033517
-0,011609
0,004149
0,018897
0,031893
0,049159
0,062373
0,081583
0,095065
0,108917
0,120769
0,131062
0,134795
0,137397
0,136329
0,131739
0,129693
0,125967
0,120725
0,116243
0,111679
0,104749
0,090315
0,079697
0,069111
0,048226
0,035831
0,020418
0,00599
-0,012849
-0,023749
-0,032973
-0,0384
-0,043189
-0,048737
-0,04696
-0,044998
-0,041143
-0,033139
-0,028179
-0,025021
-0,02107
-0,020834
-0,02325
-0,026728
-0,033082
-0,039596
-0,044557
-0,050451
-0,05956
-0,064783
-0,071399
-0,073969
-0,078035
-0,076641
-0,072409
-0,067973
-0,064687
-0,058812
-0,05412
-0,052873
-0,050745
-0,051844
-0,049293
-0,046481
-0,039762
-0,034782
-0,026037
-0,018986
-0,0073
0,003657
0,015093
0,024701
0,034968
0,041347
0,054376
0,061996
0,068101
0,071565
0,072102
0,071188
0,068733
0,062923
0,054945
0,048609
0,040459
0,032187
0,022342
0,01719
0,011743
0,009883
0,007518
0,009448
0,013942
0,016845
0,024407
0,027635
0,033088
0,034712
0,037064
0,034533
0,031918
0,027635
0,020667
0,016295
0,010196
0,004411
-0,003471
-0,011488
-0,020424
-0,025705
-0,030659
-0,037141
-0,038867
-0,041207
-0,040491
-0,037704
-0,035901
-0,033159
-0,031893
-0,030122
-0,029758
-0,031605
-0,034303
-0,03748
-0,038899
-0,041079
-0,045388
-0,046174
-0,053359
-0,053346
-0,057936
-0,059931
-0,061408
-0,060423
-0,058697
-0,057214
-0,056293
-0,049907
-0,044013
-0,042805
-0,037461
-0,030908
-0,029675
-0,024445
-0,021064
-0,018647
-0,016698
-0,016397
-0,016039
-0,014492
-0,01368
-0,008988
-0,007435
-0,004801
-0,001138
0,000908
0,006552
0,009813
0,011449
0,013648
0,018558
0,01859
0,022464
0,026561
0,029304
0,029937
0,035511
0,03943
0,042818
0,04682
0,053698
0,057681
0,062481
0,067455
0,071527
0,07441
0,078016
0,079818
0,082631
0,082292
0,084677
0,085361
0,08444
0,083807
0,082848
0,082394
0,082836
0,080521
0,080771
0,080822
0,079428
0,079
0,077229
0,075561
0,072422
0,068644
0,06656
0,061523
0,059387
0,053704
0,047325
0,043821
0,037697
0,032935
0,029444
0,026414
0,024087
0,023244
0,022566
0,022809
0,020763
0,021594
0,020501
0,020789
0,018014
0,014211
0,00739
0,004513
-0,002762
-0,007748
-0,018935
-0,024196
-0,029201
-0,032871
-0,034731
-0,036809
-0,038771
-0,033625
-0,032129
-0,03016
-0,023384
-0,016531
-0,013527
-0,01228
-0,009838
-0,008093
-0,008048
-0,008783
-0,010311
-0,011833
-0,016397
-0,021147
-0,025238
-0,02807
-0,033152
-0,039129
-0,040561
-0,041603
-0,04478
-0,0454
-0,043738
-0,044774
-0,045234
-0,043515
-0,042863
-0,043157
-0,047567
-0,048213
-0,051499
-0,055424
-0,0605
-0,064565
-0,067557
-0,074953
-0,0787
-0,080841
-0,084069
-0,087278
-0,089126
-0,090775
-0,093824
-0,093153
-0,092616
-0,093978
-0,09594
-0,094489
-0,092335
-0,094937
-0,09548
-0,094355
-0,094451
-0,095845
-0,093709
-0,094809
-0,092226
-0,089842
-0,088749
-0,087387
-0,083743
-0,0818
-0,076053
-0,07581
-0,068996
-0,06585
-0,059458
-0,056818
-0,050252
-0,044972
-0,040242
-0,033906
-0,029118
-0,024861
-0,017618
-0,011142
-0,005248
-0,003164
0,003458
0,007895
0,013591
0,015278
0,020629
0,024957
0,030378
0,032877
0,036304
0,03911
0,043457
0,045439
0,046474
0,04923
0,049952
0,052956
0,053366
0,055411
0,054977
0,058294
0,058959
0,059669
0,061612
0,060116
0,062571
0,062654
0,063018
0,064335
0,06555
0,067295
0,068868
0,070133
0,070415
0,069852
0,06959
0,071143
0,069731
0,070683
0,069539
0,068503
0,066707
0,066822
0,062903
0,06025
0,059905
0,057853
0,056351
0,056581
0,056498
0,056127
0,05444
0,056364
0,055782
0,05279
0,054037
0,055545
0,054606
0,05474
0,051851
0,049313
0,048379
0,047715
0,043515
0,042447
0,038241
0,037058
0,033849
0,031516
0,031407
0,030544
0,030001
0,027507
0,023729
0,023806
0,025507
0,025283
0,021729
0,022489
0,019862
0,019408
0,016544
0,012951
0,008617
0,007984
0,003235
-3,2E-05
-0,005076
-0,007588
-0,00824
-0,009685
-0,009857
-0,010957
-0,009966
-0,010247
-0,006936
-0,008994
-0,010062
-0,011053
-0,008828
-0,010567
-0,013386
-0,014639
-0,017925
-0,019676
-0,022502
-0,022905
-0,023928
-0,023435
-0,025673
-0,02839
-0,025852
-0,028652
-0,027098
-0,025443
-0,025372
-0,02254
-0,022035
-0,022176
-0,023071
-0,020866
-0,02068
-0,020776
-0,023672
-0,021607
-0,022368
-0,022649
-0,021351
-0,019114
-0,019529
-0,01889
-0,017465
-0,017931
-0,01313
-0,013105
-0,012971
-0,010887
-0,011309
-0,010401
-0,009212
-0,01042
-0,008036
-0,008323
-0,007428
-0,009161
-0,008758
-0,009141
-0,011238
-0,0098
-0,010509
-0,014607
-0,01563
-0,01696
-0,015451
-0,017049
-0,016825
-0,017944
-0,018117
-0,019319
-0,019261
-0,019581
-0,020514
-0,019824
-0,021383
-0,017848
-0,019932
-0,020827
-0,020009
-0,018647
-0,020961
-0,020424
-0,020603
-0,018762
-0,019382
-0,020054
-0,017605
-0,017036
-0,015854
-0,015413
-0,014633
-0,01251
-0,009058
-0,008099
-0,005709
-0,004718
-0,0028
-0,002154
0,001809
0,004059
0,004686
0,003631
0,00592
0,006731
0,008822
0,010362
0,012069
0,01166
0,010938
0,009538
0,010094
0,013009
0,011852
0,014831
0,017452
0,017369
0,019108
0,018449
0,01935
0,019497
0,018213
0,016813
0,016359
0,016845
0,01625
0,016634
0,014844
0,015048
0,015387
0,015234
0,015835
0,016026
0,017982
0,018737
0,017682
0,020878
0,019798
0,018475
0,016263
0,014914
0,01462
0,011622
0,009359
0,008579
0,009985
0,007083
0,005089
0,005172
0,001732
0,00172
0,003394
0,003407
0,000575
0,003382
0,003407
0,002602
0,001879
0,001847
0,001202
-0,002237
-0,000831
-0,003701
-0,003529
-0,005408
-0,005594
-0,006853
-0,007051
-0,007173
-0,008515
-0,008055
-0,00918
-0,007793
-0,007173
-0,005402
-0,006476
-0,004858
-0,006668
-0,005108
-0,005459
-0,003529
-0,005216
-0,003586
-0,002723
-0,00296
-0,001355
-0,001451
-0,000991
-0,000959
-0,000869
-0,001675
-0,000908
-0,002691
-0,002691
-0,004635
-0,005197
-0,004321
-0,007991
-0,010107
-0,01276
-0,013878
-0,014185
-0,015911
-0,017024
-0,020591
-0,022547
-0,023416
-0,022393
-0,022828
-0,024586
-0,028044
-0,028549
-0,027341
-0,027744
-0,027763
-0,029694
-0,02775
-0,028735
-0,027686
-0,028364
-0,029361
-0,029969
-0,028824
-0,028319
-0,031145
-0,032225
-0,029994
-0,033676
-0,033779
-0,032596
-0,03413
-0,033095
-0,033906
-0,03257
-0,032685
-0,032046
-0,031548
-0,029502
-0,027111
-0,026683
-0,021409
-0,017445
-0,01414
-0,01143
-0,010369
-0,006469
-0,003363
-0,000793
-0,001963
0,000173
0,00287
0,004737
0,004283
0,004807
0,006284
0,005913
0,007869
0,007722
0,009621
0,008291
0,009423
0,008796
0,007914
0,009161
0,009551
0,00801
0,005459
0,007089
0,004405
0,008202
0,00629
0,00808
0,009372
0,008822
0,011539
0,011833
0,014025
0,01593
0,016928
0,020386
0,022317
0,023717
0,026344
0,027316
0,025602
0,02683
0,027814
0,028044
0,027833
0,02885
0,026836
0,027501
0,027277
0,027405
0,027169
0,022886
0,026747
0,027047
0,026248
0,025602
0,025321
0,02582
0,027137
0,026958
0,026747
0,027584
0,02892
0,028971
0,030243
0,029585
0,031656
0,033197
0,034661
0,032596
0,032513
0,035
0,034309
0,033114
0,030934
0,031867
0,031017
0,03041
0,026887
0,027086
0,026504
0,02364
0,021805
0,021901
0,021064
0,018129
0,017663
0,01556
0,016199
0,015745
0,013891
0,011929
0,01299
0,009602
0,008246
0,008515
0,00606
0,003995
0,005127
0,004558
0,003254
0,000633
-0,000249
-0,001975
-0,003446
-0,004507
-0,008055
-0,007467
-0,00971
-0,010177
-0,010369
-0,011091
-0,011654
-0,013015
-0,015214
-0,016218
-0,017119
-0,019523
-0,01937
-0,019523
-0,022918
-0,022476
-0,02178
-0,023493
-0,021741
-0,021799
-0,023947
-0,024509
-0,022176
-0,023276
-0,023199
-0,024861
-0,024119
-0,023992
-0,025053
-0,026191
-0,026197
-0,025436
-0,026037
-0,026299
-0,025948
-0,026811
-0,027603
-0,028422
-0,028243
-0,028965
-0,027424
-0,0283
-0,028351
-0,027175
-0,025833
-0,028281
-0,028102
-0,027009
-0,025973
-0,026357
-0,026267
-0,026983
-0,026325
-0,027444
-0,024861
-0,026868
-0,026542
-0,024957
-0,024247
-0,020207
-0,019676
-0,018078
-0,015694
-0,011398
-0,008988
-0,00514
-0,003727
-0,000716
0,001304
0,003056
0,004622
0,006278
0,007799
0,012082
0,010925
0,014339
0,014051
0,017394
0,016934
0,019971
0,022035
0,027047
0,028537
0,029291
0,03335
0,036291
0,037339
0,039276
0,042434
0,042588
0,043489
0,047753
0,04781
0,047101
0,049926
0,050828
0,052496
0,053481
0,05366
0,055878
0,056012
0,057879
0,059419
0,05692
0,060174
0,0605
0,05956
0,058365
0,059528
0,058422
0,056332
0,056447
0,056722
0,052471
0,05203
0,051454
0,047727
0,047478
0,044039
0,046174
0,045854
0,044633
0,04441
0,042294
0,041642
0,040906
0,040299
0,038867
0,036924
0,034833
0,03298
0,029579
0,02885
0,025794
0,023902
0,022981
0,019165
0,017561
0,01733
0,014972
0,014351
0,010478
0,009416
0,005236
0,007051
0,003682
0,001489
0,001272
0,00069
-0,001247
-0,003452
-0,004257
-0,004219
-0,005766
-0,005856
-0,004558
-0,006706
-0,005025
-0,005868
-0,005389
-0,006386
-0,008477
-0,011641
-0,013648
-0,014057
-0,016224
-0,018245
-0,020712
-0,023167
-0,025884
-0,027258
-0,026382
-0,028549
-0,029157
-0,02892
-0,029355
-0,027328
-0,027239
-0,028038
-0,02557
-0,025513
-0,028978
-0,028824
-0,030001
-0,031842
-0,033286
-0,034565
-0,03654
-0,038049
-0,038835
-0,039238
-0,041213
-0,042396
-0,04106
-0,03973
-0,039884
-0,040606
-0,039327
-0,038599
-0,040798
-0,040299
-0,039257
-0,040088
-0,040178
-0,042837
-0,04168
-0,043751
-0,04409
-0,043956
-0,0454
-0,045094
-0,04338
-0,044505
-0,043796
-0,043252
-0,041009
-0,038151
-0,037998
-0,035556
-0,035581
-0,03677
-0,030378
-0,032001
-0,029655
-0,027674
-0,027296
-0,028927
-0,028044
-0,027616
-0,024497
-0,023876
-0,021856
-0,018078
-0,017445
-0,014281
-0,013175
-0,010842
-0,009774
-0,007128
-0,005996
-0,00551
-0,006335
-0,006079
-0,006527
-0,007409
-0,00707
-0,007409
-0,006616
-0,007537
-0,005248
-0,003593
-0,003874
-0,001688
0,000109
0,001892
0,004245
0,004411
0,005331
0,007735
0,00652
0,009065
0,005696
0,00592
0,006073
0,006047
0,007646
0,006412
0,007486
0,009308
0,010861
0,010215
0,012325
0,013699
0,015087
0,016985
0,019005
0,018583
0,019676
0,02263
0,023691
0,023295
0,022451
0,023781
0,021665
0,022598
0,023013
0,023659
0,023423
0,022892
0,024068
0,023352
0,023947
0,025475
0,028396
0,028639
0,031068
0,032839
0,031573
0,032775
0,03266
0,030959
0,032347
0,031982
0,029822
0,027897
0,025737
0,023506
0,02256
0,023199
0,022202
0,022029
0,021
0,021952
0,022029
0,022265
0,023058
0,023787
0,023129
0,025008
0,026171
0,021914
0,022777
0,021511
0,01772
0,016813
0,014582
0,011903
0,007754
0,008547
0,003989
0,00257
0,002877
0,003177
0,00211
0,001816
0,002231
0,005574
0,005932
0,006124
0,005101
0,004941
0,006437
0,005312
0,002033
0,002909
-0,000889
-0,00195
-0,004935
-0,004008
-0,005216
-0,006341
-0,007837
-0,007729
-0,005792
-0,006655
-0,004468
-0,006278
-0,003324
-0,004468
-0,004481
-0,003279
-0,003848
-0,006028
-0,006533
-0,005721
-0,006118
-0,009116
-0,010337
-0,011711
-0,011091
-0,013028
-0,012792
-0,012888
-0,013802
-0,013565
-0,016365
-0,015304
-0,016391
-0,016007
-0,017771
-0,016308
-0,017107
-0,018366
-0,019555
-0,019862
-0,021402
-0,023704
-0,021952
-0,023058
-0,022361
-0,021172
-0,019497
-0,019331
-0,018136
-0,018948
-0,016263
-0,013041
-0,012235
-0,009423
-0,01198
-0,009921
-0,006604
-0,006508
-0,008617
-0,006936
-0,004277
-0,003222
-0,003005
-0,003049
-0,001918
-0,001956
-0,000262
0,000102
0,00186
0,001828
0,000639
0,002071
0,005172
0,004622
0,006546
0,008592
0,006859
0,007901
0,009941
0,010343
0,010567
0,010516
0,011852
0,009487
0,011021
0,011647
0,010036
0,010088
0,010548
0,010241
0,010113
0,010433
0,011206
0,010113
0,012574
0,012843
0,012964
0,016365
0,017382
0,015886
0,014697
0,015298
0,014524
0,011807
0,012235
0,009167
0,009116
0,007805
0,005344
0,005702
0,005325
0,003529
0,003759
0,002953
0,003049
0,004117
0,004986
0,004008
0,006751
0,007179
0,006834
0,007594
0,007633
0,00817
0,009998
0,009455
0,007684
0,004347
0,006079
0,00739
0,00652
0,003145
0,003068
0,00349
0,001413
0,001151
5,1E-05
-1,3E-05
-0,001183
-0,0003
-0,000754
-0,002167
-0,001828
-0,002698
-0,003273
-0,003139
-0,003107
-0,004289
-0,005753
-0,005204
-0,007908
-0,006533
-0,006239
-0,007722
-0,007089
-0,008438
-0,010752
-0,011053
-0,010228
-0,009979
-0,010107
-0,011174
-0,011986
-0,01173
-0,013079
-0,014422
-0,013175
-0,014211
-0,015208
-0,015489
-0,015732
-0,015259
-0,017477
-0,018724
-0,018973
-0,019753
-0,018941
-0,02075
-0,019913
-0,019485
-0,020028
-0,02077
-0,018034
-0,018302
-0,018596
-0,017631
-0,017676
-0,017759
-0,017241
-0,016109
-0,014498
-0,014326
-0,013162
-0,013789
-0,01081
-0,010759
-0,00792
-0,008809
-0,007626
-0,007857
-0,007281
-0,006501
-0,005619
-0,006131
-0,007128
-0,008425
-0,008029
-0,007249
-0,006751
-0,008419
-0,003177
-0,005427
-0,00576
-0,006258
-0,005037
-0,004935
-0,005165
-0,003663
-0,002819
-0,001195
-0,00094
0,000518
-0,002263
-0,000639
0,000678
-0,000972
