0,00172
0,00234
0,002046
0,000607
0,000211
0,001189
0,000185
-0,000192
-0,001464
-0,005677
-0,007658
-0,010612
-0,012242
-0,016097
-0,018085
-0,021294
-0,027079
-0,03172
-0,041456
-0,046219
-0,054753
-0,061075
-0,062782
-0,063965
-0,06408
-0,065365
-0,066081
-0,068785
-0,072857
-0,078616
-0,080426
-0,077344
-0,073605
-0,060832
-0,048104
-0,032673
-0,014901
0,003689
0,013629
0,028204
0,041571
0,057316
0,072333
0,082631
0,092936
0,10014
0,108738
0,111078
0,119037
0,123275
0,125986
0,129406
0,128613
0,128255
0,123301
0,12488
0,121958
0,117177
0,112242
0,10131
0,091018
0,079946
0,063766
0,047011
0,021454
0,003184
-0,014383
-0,030544
-0,040779
-0,047964
-0,052592
-0,051301
-0,047178
-0,039321
-0,03009
-0,019523
-0,012606
-0,005306
-0,005331
-0,008125
-0,017829
-0,028978
-0,042134
-0,055744
-0,068241
-0,078521
-0,087598
-0,096056
-0,101406
-0,107728
-0,109109
-0,112037
-0,112338
-0,110273
-0,106207
-0,09874
-0,092853
-0,084824
-0,072953
-0,064284
-0,052752
-0,042409
-0,034738
-0,02612
-0,017663
-0,008943
-0,001713
0,003005
0,012018
0,017867
0,027066
0,033293
0,040574
0,044652
0,048705
0,051959
0,050214
0,047075
0,04161
0,036975
0,034533
0,031439
0,029157
0,031266
0,032072
0,037672
0,043668
0,04859
0,05552
0,062897
0,069839
0,073215
0,076897
0,07978
0,07916
0,078469
0,07549
0,066477
0,059586
0,047862
0,034968
0,02433
0,016397
5,1E-05
-0,00583
-0,016116
-0,021358
-0,024132
-0,026689
-0,026542
-0,025468
-0,025967
-0,025385
-0,02254
-0,026197
-0,024554
-0,026114
-0,032385
-0,037563
-0,043981
-0,047497
-0,052177
-0,057112
-0,060743
-0,065326
-0,065601
-0,066151
-0,062763
-0,061925
-0,057463
-0,052918
-0,048539
-0,044736
-0,041712
-0,031842
-0,029591
-0,025769
-0,022943
-0,020066
-0,021051
-0,018526
-0,01834
-0,016934
-0,01329
-0,012504
-0,013233
-0,009314
-0,002142
-0,000946
0,004769
0,011475
0,017963
0,021524
0,029969
0,037927
0,039283
0,043898
0,048648
0,054638
0,057003
0,057943
0,059956
0,05972
0,061817
0,060065
0,06096
0,061542
0,059509
0,059464
0,058908
0,059017
0,057713
0,055795
0,056044
0,054714
0,051902
0,049498
0,049351
0,045356
0,041661
0,036636
0,033517
0,028434
0,02589
0,021115
0,018155
0,011679
0,007505
0,004174
-0,00062
-0,006399
-0,008771
-0,012165
-0,016161
-0,020584
-0,023416
-0,024976
-0,027648
-0,030774
-0,03195
-0,035306
-0,035294
-0,03663
-0,038062
-0,038714
-0,037557
-0,042402
-0,043099
-0,045017
-0,045605
-0,04813
-0,04797
-0,046685
-0,046487
-0,044819
-0,043042
-0,041725
-0,03927
-0,032449
-0,032436
-0,026274
-0,023506
-0,019849
-0,018187
-0,014038
-0,012095
-0,008534
-0,007908
-0,002263
-6,4E-05
0,002583
0,005702
0,006827
0,009084
0,010433
0,014089
0,015272
0,014735
0,015592
0,017842
0,01905
0,019037
0,018762
0,020853
0,019331
0,016416
0,016985
0,016487
0,014582
0,015374
0,016269
0,01338
0,012696
0,013827
0,01455
0,01221
0,012888
0,011353
0,009947
0,009308
0,007575
0,007562
0,007997
0,007198
0,005977
0,005031
0,00358
0,004584
0,004059
0,001809
6E-06
-0,003235
-0,005721
-0,006674
-0,009762
-0,01205
-0,013252
-0,017394
-0,017688
-0,018903
-0,021575
-0,023442
-0,024413
-0,02364
-0,023608
-0,024132
-0,022604
-0,021869
-0,01859
-0,017247
-0,016851
-0,013808
-0,010164
-0,00893
-0,007735
-0,006041
-0,003331
-0,00326
-0,001387
0,000467
0,000652
5,8E-05
0,003241
0,003829
0,005766
0,009857
0,00778
0,009404
0,010561
0,012747
0,011532
0,015451
0,016269
0,016352
0,018411
0,019855
0,017957
0,018091
0,016685
0,015368
0,014415
0,012632
0,009832
0,008234
0,007256
0,00436
0,003925
0,002429
0,001119
-0,00147
-0,001176
-0,00211
-0,003426
-0,00381
-0,004705
-0,003139
-0,005152
-0,005037
-0,004577
-0,006968
-0,007217
-0,007243
-0,00941
-0,008234
-0,010132
-0,009985
-0,011551
-0,011366
-0,011187
-0,011993
-0,009231
-0,008215
-0,00824
-0,006994
-0,003861
-0,002896
-0,002781
-0,002512
-0,000761
-0,000908
0,001272
0,001956
0,004366
0,005402
0,005108
0,006111
0,007729
0,009774
0,009378
0,010484
0,010957
0,011833
0,014019
0,014243
0,015336
0,014275
0,014748
0,01625
0,015886
0,016109
0,014972
0,01299
0,014722
0,01175
0,010471
0,009097
0,0087
0,005165
0,00592
0,00521
0,003241
0,003784
0,00163
0,004136
0,001713
0,003273
0,001605
0,000767
0,002538
0,002327
0,001937
0,000416
0,00234
0,000805
0,000422
0,001726
-0,000243
-0,000825
-0,000601
-0,001023
-0,00172
-0,0017
-0,000921
-0,002026
-0,000556
-0,000217
0,001745
0,000716
0,002525
0,005523
0,006156
0,006393
0,007863
0,009774
0,010337
0,010356
0,010899
0,010522
0,011296
0,012478
0,008477
0,009436
0,009237
0,008656
0,007927
0,00902
0,008087
0,008208
0,008515
0,009352
0,00895
0,009276
0,008905
0,008873
0,007141
0,005715
0,00553
0,004334
0,004315
0,00147
-0,001093
-0,001668
-0,005299
-0,00638
-0,010458
-0,009896
-0,010081
-0,011852
-0,009097
-0,009199
-0,009436
-0,011046
-0,009161
-0,008087
-0,007256
-0,005945
-0,006994
-0,00654
-0,006015
-0,006258
-0,005721
-0,006738
-0,007914
-0,005478
-0,007038
-0,007825
-0,007479
-0,008624
-0,006463
-0,007952
-0,007153
-0,007415
-0,006917
-0,005785
-0,005555
-0,004609
-0,002902
-0,005613
-0,005069
-0,003906
-0,005005
-0,006022
-0,004436
-0,006533
-0,00631
-0,004993
-0,004462
-0,005549
-0,002046
-0,003925
-0,00381
-0,000192
0,000479
-0,000946
0,001566
0,003305
0,004136
0,002768
0,002001
0,001752
0,003273
0,00124
0,00319
0,002902
0,002384
0,001068
0,001016
0,001496
0,003267
0,001905
0,001477
0,003708
0,001355
0,00156
0,001994
0,002071
0,000876
0,002915
0,001982
0,002934
0,004072
0,004865
0,005338
0,007141
0,006527
0,006489
0,00808
0,007064
0,008611
0,007045
0,006699
0,008694
0,009659
0,006495
0,006987
0,006188
0,003925
0,004449
0,003676
0,001873
0,001323
0,002186
0,000224
0,000288
-0,001023
0,000486
-0,002512
-0,002474
-0,002058
-0,001784
-0,001189
-0,004309
-0,003925
-0,002742
-0,002493
-0,004091
-0,001822
-0,001553
-0,001413
-0,003343
-0,001131
-0,002992
-0,001592
0,00069
0,000671
-0,000198
0,002461
0,001752
0,002474
0,003573
0,002493
0,004954
0,000109
0,002704
0,000281
-0,000658
-0,0014
-0,000409
-0,00349
-0,002058
-0,001956
-0,002436
-0,003983
-0,004667
-0,005216
-0,004756
-0,006444
-0,005089
-0,007409
-0,008496
-0,005178
-0,00567
-0,007268
-0,00817
-0,007556
-0,010804
-0,008451
-0,010241
-0,008151
-0,009314
-0,009736
-0,008783
-0,009621
-0,007358
-0,008004
-0,007978
-0,008419
-0,007045
-0,00567
-0,005804
-0,011104
-0,009391
-0,00879
-0,010573
-0,010094
-0,013322
-0,01113
-0,012159
-0,01228
-0,013035
-0,012919
-0,013405
-0,011852
-0,010816
-0,009557
-0,008713
-0,006655
-0,003887
-0,00234
0,00071
0,001496
0,001592
0,002647
0,005005
0,004232
0,005204
0,003356
0,00374
0,004353
0,004871
0,001138
0,002602
0,000422
-0,002372
-0,003369
-0,00475
-0,006214
-0,006898
-0,008592
-0,009563
-0,009736
-0,009877
-0,009052
-0,009186
-0,008176
-0,005709
-0,005453
-0,00521
-0,00365
-0,000556
-0,000972
0,000492
0,00273
0,003158
0,004417
0,001688
0,001183
0,000639
-7,7E-05
-0,001259
-0,001068
-0,002442
-0,001886
-0,002736
-0,001905
-0,001643
-0,000978
0,002321
0,003983
0,004954
0,00831
0,006866
0,008406
0,01012
0,011136
0,013329
0,013725
0,014741
0,016244
0,018385
0,019069
0,01772
0,018711
0,018992
0,018449
0,016397
0,016953
0,015521
0,013687
0,011788
0,012255
0,010183
0,008298
0,008023
0,007735
0,007933
0,006131
0,00505
0,004526
0,005255
0,003452
0,007153
0,005945
0,006604
0,006725
0,009883
0,00769
0,007665
0,008208
0,008106
0,007364
0,009698
0,008521
0,009423
0,007863
0,007671
0,00934
0,008636
0,008138
0,006476
0,008106
0,008099
0,007281
0,009889
0,007914
0,008815
0,006968
0,00785
0,007499
0,008867
0,007428
0,006546
0,006917
0,006092
0,006757
0,006348
0,006527
0,005664
0,005939
0,005734
0,007658
0,006795
0,007089
0,006143
0,009813
0,00652
0,00755
0,00661
0,007531
0,006169
0,004967
0,005626
0,004034
0,002506
0,001368
-0,000377
-0,00202
-0,003446
-0,002787
-0,003893
-0,005753
-0,005095
-0,006501
-0,006431
-0,007185
-0,006118
-0,005325
-0,005523
-0,006246
-0,00599
-0,005517
-0,005849
-0,004226
-0,006399
-0,005044
-0,006942
-0,003522
-0,004724
-0,006022
-0,005114
-0,006035
-0,004468
-0,004334
-0,002985
-0,003931
-0,003995
-0,003286
-0,003478
-0,002679
0,000313
-6E-06
-0,001777
-0,000153
-0,000198
0,000237
0,001131
0,000946
0,001061
0,000441
0,001419
0,001355
0,002289
0,000716
0,002442
0,003983
0,004513
0,005472
0,006341
0,00544
0,005811
0,007185
0,007633
0,009487
0,005581
0,0056
0,004922
0,004417
0,003963
0,004008
0,002014
0,001752
0,004903
0,000857
0,001764
0,001458
0,001234
0,002378
0,002608
0,002372
0,002455
0,003586
0,003701
0,003823
0,006297
0,004302
0,005025
0,006322
0,00622
0,00489
0,006009
0,004807
0,007339
0,008374
0,009237
0,007307
0,0098
0,009762
0,012306
0,013968
0,011571
0,013802
0,01081
0,014032
0,013917
0,011941
0,011034
0,010279
0,009199
0,007601
0,006297
0,005843
0,003305
0,00335
0,003247
0,003625
0,003669
0,00296
0,004737
0,004941
0,003791
0,002615
0,004085
0,002934
0,00342
0,005089
0,003637
0,006079
0,004379
0,005964
0,005095
0,002934
0,001975
0,00273
0,000716
0,004564
0,004257
0,002442
0,003899
0,005619
0,002698
0,003695
0,002525
0,003816
0,005779
0,004379
0,004232
0,006642
0,004187
0,005894
0,004309
0,004334
0,004584
0,005063
0,004027
0,003043
0,003343
0,003631
0,001643
0,00411
0,004187
0,00489
0,002858
0,003363
0,005268
0,004021
0,005683
0,005523
0,004405
0,005888
0,005331
0,004846
0,002749
0,002519
0,003145
0,002065
0,00046
-0,001087
-0,003094
-0,003088
-0,003497
-0,003618
-0,005178
-0,004743
-0,005063
-0,007863
-0,007352
-0,009135
-0,010215
-0,01074
-0,011686
-0,014013
-0,012376
-0,013488
-0,013309
-0,013993
-0,01453
-0,013891
-0,016263
-0,016749
-0,016256
-0,016921
-0,017222
-0,016263
-0,014965
-0,013667
-0,013699
-0,010688
-0,008975
-0,007537
-0,005453
-0,005057
-0,005555
-0,003721
-0,002858
-0,002698
-0,004462
-0,00677
-0,008138
-0,007933
-0,009404
-0,008464
-0,010011
-0,007211
-0,003599
-0,001042
0,000569
0,002142
0,003848
0,005485
0,006092
0,005753
0,007115
0,004532
0,003893
0,000652
-0,001221
-0,002365
-0,005165
-0,006942
-0,008099
-0,007997
-0,011289
-0,009359
-0,010036
-0,008253
-0,005031
-0,005798
-0,002295
0,000217
0,000614
0,002065
0,003439
0,004628
0,00404
0,005587
0,005299
0,005472
0,005466
0,00553
0,002512
0,002647
0,003305
0,004679
0,003318
0,004513
0,004839
0,00521
0,006239
0,006105
0,010356
0,009512
0,011986
0,012958
0,013763
0,013488
0,014524
0,013559
0,01173
0,01237
0,01127
0,008496
0,005747
0,003401
0,001892
-0,00085
-0,001176
-0,00108
-0,000812
-0,000492
-0,001963
0,002563
0,002039
0,00381
0,004194
0,005331
0,004954
0,005114
0,005223
0,00443
0,002826
0,003305
0,003458
0,003177
0,003075
0,002378
0,003132
0,004545
0,005363
0,005983
0,008368
0,011807
0,012044
0,014064
0,013584
0,012657
0,012574
0,010561
0,011897
0,006763
0,007543
0,005766
0,004015
-0,001176
-0,000965
-0,001387
0,000914
0,000435
0,001036
0,001649
0,003535
0,006623
0,009167
0,009295
0,009755
0,007761
0,008771
0,007786
0,006047
0,004507
0,00195
0,001707
-0,000262
-0,001336
-0,001892
-0,0028
-0,002026
-0,001247
0,000921
0,002071
0,00186
0,004833
0,004194
0,002672
0,003049
0,000307
0,001163
-0,001969
-0,00234
-0,0028
-0,004117
-0,00521
-0,003797
-0,005683
-0,005888
-0,004743
-0,004059
-0,006501
-0,007134
-0,004654
-0,003989
-0,006233
-0,00723
-0,007857
-0,006834
-0,007352
-0,008815
-0,007454
-0,008732
-0,009442
-0,007537
-0,008387
-0,008847
-0,010618
-0,00918
-0,009877
-0,009001
-0,00771
-0,008592
-0,007224
-0,008381
-0,008138
-0,005785
-0,005472
-0,004475
-0,004961
-0,004264
-0,002973
-0,003951
-0,002148
-0,002557
-0,002436
-0,001643
-0,000767
-0,000409
0,001304
0,000665
0,000166
0,000217
0,000735
-0,000102
0,001988
0,002787
0,00133
0,002186
0,001668
0,0011
0,000626
0,001119
-0,001809
-0,001259
-0,00131
-0,002947
-0,002391
-0,003612
-0,005076
-0,005619
-0,003433
-0,005478
-0,005734
-0,00234
-0,003842
-0,002519
-0,000921
-0,000722
0,002519
0,001195
0,0056
0,005063
0,006942
0,007115
0,007435
0,00771
0,012319
0,009698
0,010145
0,009193
0,009116
0,007825
0,00599
0,005932
0,007224
0,002129
0,000646
0,003049
0,000658
5,1E-05
0,000626
0,001528
0,000505
0,000953
0,001048
0,0028
0,00349
0,002295
0,004015
0,0056
0,006099
0,006194
0,005152
0,004181
0,005152
0,002742
0,002135
0,000102
0,001547
0,000141
-0,000639
-0,002046
-0,001911
-0,001534
-0,003267
-0,00225
-0,002212
-0,002659
-0,002742
-0,001208
-1,9E-05
-0,000812
-0,003605
-0,00264
-0,001247
-0,003618
-0,004494
-0,00413
-0,003542
-0,003497
-0,005236
-0,006412
-0,005645
-0,004852
-0,005408
-0,005824
-0,006175
-0,005862
-0,006137
-0,008285
-0,009154
-0,009276
-0,00872
-0,009333
-0,009998
-0,010644
-0,009857
-0,010382
-0,010369
-0,009359
-0,009589
-0,008253
-0,008943
-0,008202
-0,005683
-0,006572
-0,005018
-0,004296
-0,005849
-0,005689
-0,005427
-0,006731
-0,006194
-0,006642
-0,007511
-0,006003
-0,008138
-0,007428
-0,008362
-0,007268
-0,006572
-0,004226
-0,004954
-0,00583
