0,008566
0,007972
0,007697
0,005638
0,005773
0,005741
0,004034
0,004545
0,001413
-0,001272
0,00016
-0,004226
-0,006904
-0,007499
-0,013239
-0,015598
-0,019427
-0,023806
-0,03158
-0,037787
-0,045822
-0,05536
-0,063114
-0,067333
-0,067391
-0,071981
-0,075113
-0,080394
-0,085412
-0,086473
-0,0877
-0,083622
-0,072409
-0,061229
-0,041955
-0,028236
-0,003925
0,011219
0,03103
0,042543
0,059573
0,071578
0,085802
0,099974
0,116704
0,126107
0,132813
0,135025
0,137365
0,135421
0,133331
0,129585
0,124336
0,12052
0,113872
0,107971
0,102122
0,091651
0,077894
0,066816
0,048904
0,031081
0,015272
-0,000121
-0,009678
-0,023461
-0,03351
-0,039404
-0,045215
-0,046992
-0,047894
-0,045202
-0,038874
-0,031158
-0,028006
-0,022329
-0,022393
-0,02254
-0,026293
-0,031548
-0,037659
-0,042549
-0,051314
-0,060097
-0,065985
-0,071853
-0,079268
-0,079051
-0,077523
-0,076507
-0,071348
-0,069827
-0,063913
-0,060628
-0,058256
-0,055597
-0,053251
-0,051742
-0,047472
-0,046238
-0,038023
-0,029125
-0,020674
-0,012753
0,002909
0,008886
0,021767
0,029368
0,041974
0,050259
0,060724
0,066534
0,070715
0,07301
0,073956
0,072537
0,067589
0,061248
0,051959
0,045042
0,035543
0,025852
0,022745
0,013949
0,012824
0,011948
0,011155
0,0143
0,018123
0,024439
0,030959
0,032628
0,037429
0,037307
0,0392
0,037672
0,031771
0,027271
0,021901
0,015643
0,006041
-0,000569
-0,006731
-0,018353
-0,027808
-0,030774
-0,038094
-0,041661
-0,042613
-0,0395
-0,038548
-0,037895
-0,03615
-0,032679
-0,032264
-0,032289
-0,032705
-0,0322
-0,033395
-0,039653
-0,041929
-0,044435
-0,050949
-0,053602
-0,056536
-0,060212
-0,064259
-0,063671
-0,062296
-0,060621
-0,058652
-0,055507
-0,052886
-0,047318
-0,040536
-0,034936
-0,029278
-0,027897
-0,022962
-0,021076
-0,017298
-0,016224
-0,015023
-0,013239
-0,012146
-0,011571
-0,005606
-0,003228
0,000352
0,000799
0,008278
0,008707
0,013495
0,014383
0,017861
0,019843
0,025468
0,026331
0,028991
0,031509
0,035019
0,037173
0,041188
0,045298
0,047325
0,049805
0,054209
0,057003
0,058307
0,062111
0,063172
0,064156
0,067628
0,068133
0,068772
0,06842
0,07014
0,071412
0,070856
0,073112
0,073656
0,07659
0,076373
0,077242
0,077376
0,078457
0,077626
0,077971
0,076507
0,074851
0,074276
0,069961
0,067007
0,061766
0,059215
0,054798
0,048814
0,045503
0,041386
0,039577
0,035601
0,034232
0,031931
0,030384
0,027111
0,027252
0,025417
0,024631
0,02215
0,018526
0,013271
0,011814
0,004315
-0,000403
-0,007914
-0,017752
-0,023244
-0,028
-0,033229
-0,035728
-0,038701
-0,039206
-0,038266
-0,036176
-0,03119
-0,029272
-0,024982
-0,02006
-0,017286
-0,015656
-0,013591
-0,012542
-0,011903
-0,013367
-0,015732
-0,017701
-0,022528
-0,028307
-0,031861
-0,033958
-0,039705
-0,043547
-0,046008
-0,048565
-0,049588
-0,050412
-0,050885
-0,048878
-0,050438
-0,050316
-0,047056
-0,04962
-0,050706
-0,054356
-0,055258
-0,055705
-0,059336
-0,063313
-0,066407
-0,069507
-0,071821
-0,0745
-0,077581
-0,079965
-0,079626
-0,082414
-0,082273
-0,084581
-0,086441
-0,087636
-0,086415
-0,088288
-0,088985
-0,090014
-0,089682
-0,088845
-0,089548
-0,089426
-0,088685
-0,087215
-0,084984
-0,084779
-0,082612
-0,079831
-0,07675
-0,075497
-0,071169
-0,07115
-0,064764
-0,062002
-0,057348
-0,053334
-0,049351
-0,043924
-0,034904
-0,031816
-0,026811
-0,019497
-0,016921
-0,013514
-0,007422
-0,001886
0,001899
0,006878
0,008994
0,01384
0,017573
0,021498
0,023058
0,027041
0,029937
0,032046
0,036732
0,039097
0,04161
0,046487
0,048188
0,051461
0,054082
0,056261
0,057495
0,060653
0,060442
0,062558
0,063134
0,064674
0,066618
0,064227
0,066157
0,068228
0,068318
0,069929
0,068938
0,069859
0,071546
0,070747
0,071322
0,072499
0,071521
0,071738
0,071764
0,06943
0,069085
0,06727
0,065524
0,063696
0,061369
0,062347
0,059509
0,059304
0,056472
0,055987
0,056824
0,054727
0,055935
0,055565
0,055584
0,055136
0,054414
0,05483
0,053717
0,053276
0,049747
0,046877
0,045547
0,043265
0,038439
0,036988
0,035473
0,032685
0,029886
0,027885
0,024439
0,024362
0,022208
0,022304
0,020591
0,019133
0,016742
0,015911
0,014524
0,011091
0,009877
0,008413
0,00707
0,004839
0,002384
0,000774
-0,001355
-0,002889
-0,002864
-0,008815
-0,006431
-0,00934
-0,009755
-0,009902
-0,012485
-0,010273
-0,013834
-0,013827
-0,014876
-0,014901
-0,015413
-0,018123
-0,020258
-0,01928
-0,019772
-0,022144
-0,023084
-0,022291
-0,026229
-0,025455
-0,028128
-0,02651
-0,027194
-0,025577
-0,026408
-0,024752
-0,027328
-0,022988
-0,026063
-0,024292
-0,024011
-0,022329
-0,022847
-0,023371
-0,022707
-0,022745
-0,020814
-0,020808
-0,020897
-0,021626
-0,021454
-0,020143
-0,01882
-0,018954
-0,015988
-0,015898
-0,014984
-0,01469
-0,01221
-0,012913
-0,010439
-0,010855
-0,011897
-0,009461
-0,011615
-0,010644
-0,009199
-0,011379
-0,010279
-0,012836
-0,013309
-0,011852
-0,014083
-0,013642
-0,013731
-0,01579
-0,014665
-0,017465
-0,016557
-0,016237
-0,017171
-0,01866
-0,015713
-0,01648
-0,017497
-0,016397
-0,017458
-0,015994
-0,0157
-0,014288
-0,014147
-0,013022
-0,012696
-0,012267
-0,010036
-0,010446
-0,009653
-0,009186
-0,006329
-0,005971
-0,004993
-0,004724
-0,002538
-0,002506
-0,000275
0,001112
0,001432
0,003548
0,0056
0,008125
0,007492
0,008125
0,008969
0,009065
0,009691
0,008886
0,009615
0,010541
0,01019
0,011877
0,012133
0,013067
0,014844
0,016256
0,016672
0,017535
0,017375
0,01632
0,01703
0,016173
0,01641
0,014492
0,015234
0,013751
0,014754
0,015668
0,013635
0,014537
0,01384
0,015668
0,015489
0,016538
0,018046
0,018813
0,018577
0,017931
0,018481
0,018654
0,015425
0,014089
0,013386
0,011532
0,010631
0,008432
0,00723
0,006508
0,005632
0,003612
0,003625
0,002493
0,00287
0,004296
0,002039
0,002634
0,001873
0,001624
0,000844
0,001809
-0,002033
-0,002391
-0,002576
-0,002148
-0,005082
-0,007083
-0,006942
-0,00537
-0,006431
-0,007428
-0,008528
-0,007441
-0,008777
-0,007256
-0,00778
-0,007441
-0,008815
-0,00652
-0,007793
-0,008253
-0,007217
-0,006974
-0,007345
-0,007454
-0,008528
-0,007096
-0,007045
-0,007211
-0,005836
-0,009423
-0,008087
-0,007857
-0,00794
-0,009269
-0,010874
-0,01299
-0,013693
-0,01439
-0,016014
-0,017867
-0,018072
-0,018142
-0,021076
-0,021057
-0,021556
-0,025762
-0,021709
-0,021991
-0,023154
-0,023806
-0,024247
-0,024369
-0,02162
-0,024158
-0,026638
-0,025679
-0,025852
-0,026056
-0,026625
-0,026791
-0,028434
-0,028498
-0,030448
-0,027693
-0,029809
-0,030934
-0,031688
-0,031049
-0,032289
-0,032532
-0,032705
-0,032398
-0,033945
-0,031771
-0,031727
-0,027149
-0,026849
-0,026593
-0,020527
-0,01967
-0,017356
-0,013508
-0,011277
-0,008668
-0,005549
-0,004373
-0,001994
2,6E-05
0,002186
0,004321
0,006054
0,005095
0,008336
0,008598
0,008272
0,010132
0,00833
0,010043
0,009404
0,009346
0,008937
0,007799
0,007614
0,007089
0,006834
0,005216
0,008726
0,005152
0,006265
0,009672
0,008656
0,011046
0,01214
0,014767
0,015835
0,019491
0,020527
0,022764
0,024548
0,02511
0,027162
0,029355
0,029074
0,031011
0,031119
0,029297
0,029649
0,030205
0,029707
0,028364
0,027571
0,026964
0,027207
0,026433
0,02559
0,025858
0,024049
0,025257
0,023135
0,024548
0,023883
0,02495
0,024465
0,026293
0,027475
0,027258
0,029988
0,030844
0,030889
0,031381
0,031976
0,033715
0,031682
0,033817
0,03071
0,03119
0,031011
0,029515
0,028358
0,026683
0,024778
0,022975
0,02341
0,021371
0,020469
0,020335
0,017509
0,017912
0,016672
0,014351
0,013744
0,013073
0,011257
0,010529
0,009704
0,00925
0,009135
0,006687
0,006015
0,004417
0,002858
0,004091
1,9E-05
0,000761
-1,9E-05
-0,001438
-0,001515
-0,003177
-0,003599
-0,006169
-0,008592
-0,008457
-0,009359
-0,013476
-0,012798
-0,014307
-0,014518
-0,016538
-0,017669
-0,016864
-0,020003
-0,020469
-0,021454
-0,022118
-0,020348
-0,019734
-0,021249
-0,020993
-0,020495
-0,020782
-0,019651
-0,019171
-0,020961
-0,02077
-0,020699
-0,022476
-0,022451
-0,023442
-0,024714
-0,023506
-0,025059
-0,024094
-0,026408
-0,025264
-0,024413
-0,024823
-0,025494
-0,026402
-0,026843
-0,02543
-0,027022
-0,026031
-0,027137
-0,026203
-0,027386
-0,026855
-0,024567
-0,025826
-0,024867
-0,025085
-0,024688
-0,026056
-0,026171
-0,02635
-0,025609
-0,024752
-0,025232
-0,021703
-0,021447
-0,017695
-0,016429
-0,012747
-0,007377
-0,007665
-0,001119
0,000371
0,003931
0,005421
0,006629
0,005044
0,004846
0,005005
0,004839
0,00489
0,00599
0,006393
0,008266
0,011232
0,01632
0,019606
0,026644
0,028831
0,032366
0,03739
0,03957
0,042984
0,043706
0,046596
0,046679
0,047868
0,046992
0,047881
0,048999
0,049012
0,050073
0,052822
0,053142
0,054957
0,055162
0,056651
0,058882
0,059164
0,061158
0,061842
0,060353
0,061037
0,059132
0,0591
0,057546
0,05708
0,05584
0,054254
0,054491
0,052157
0,051371
0,049536
0,048725
0,04882
0,045541
0,047542
0,044819
0,045157
0,042933
0,04361
0,039059
0,040363
0,037
0,034706
0,034674
0,030205
0,031151
0,027002
0,025174
0,023787
0,02192
0,020853
0,019242
0,016173
0,013156
0,009621
0,00863
0,007268
0,003631
0,002321
0,00131
-0,000697
-0,002717
-0,004916
-0,006898
-0,007965
-0,009979
-0,009244
-0,01065
-0,010804
-0,01159
-0,009487
-0,007268
-0,009052
-0,008394
-0,009864
-0,010663
-0,012939
-0,012875
-0,016557
-0,017273
-0,017573
-0,020297
-0,024094
-0,026497
-0,027603
-0,027188
-0,02917
-0,02938
-0,028255
-0,029662
-0,028773
-0,028492
-0,025884
-0,026286
-0,025443
-0,0269
-0,028032
-0,028064
-0,030723
-0,032315
-0,032142
-0,035422
-0,03647
-0,036214
-0,037633
-0,037729
-0,038234
-0,038004
-0,036412
-0,038452
-0,037333
-0,035032
-0,038209
-0,033926
-0,037563
-0,037461
-0,037148
-0,038714
-0,040344
-0,039398
-0,041558
-0,043873
-0,042709
-0,044768
-0,045087
-0,042856
-0,044652
-0,044934
-0,043131
-0,042907
-0,041034
-0,041258
-0,040357
-0,036924
-0,037736
-0,036451
-0,034271
-0,034175
-0,03351
-0,031599
-0,03158
-0,030307
-0,027814
-0,027597
-0,026402
-0,023173
-0,019753
-0,018468
-0,016627
-0,014172
-0,012184
-0,008982
-0,008183
-0,006648
-0,006162
-0,006489
-0,00319
-0,003407
-0,004174
-0,003548
-0,004731
-0,002698
-0,001847
-5,1E-05
0,002097
0,003899
0,004226
0,005971
0,008822
0,011615
0,013047
0,014716
0,014377
0,015202
0,012951
0,012651
0,01354
0,011603
0,012983
0,011315
0,011066
0,011692
0,011078
0,013437
0,012971
0,015214
0,017298
0,018002
0,020041
0,021441
0,022067
0,024439
0,024733
0,028057
0,024733
0,025097
0,025417
0,025366
0,024944
0,024867
0,024362
0,024177
0,024516
0,025136
0,02651
0,026459
0,026939
0,028927
0,029483
0,029585
0,032155
0,031503
0,032973
0,032992
0,030486
0,031017
0,029144
0,028428
0,02697
0,025014
0,022547
0,022636
0,021051
0,021038
0,01951
0,021447
0,019894
0,019574
0,022464
0,022528
0,02208
0,023135
0,023052
0,019817
0,022016
0,019855
0,016237
0,015189
0,012753
0,008413
0,006239
0,004123
0,00397
0,000134
-0,002205
-0,001349
-0,001905
-0,002608
-0,003254
0,000121
-0,000646
5,1E-05
0,001163
0,002148
0,002244
0,00172
-0,000825
-0,002423
-0,004961
-0,004878
-0,007294
-0,007313
-0,009864
-0,010375
-0,011309
-0,01081
-0,010075
-0,010209
-0,008547
-0,00801
-0,009148
-0,008067
-0,007524
-0,006584
-0,00638
-0,006668
-0,006757
-0,006265
-0,008112
-0,009921
-0,010228
-0,011762
-0,014377
-0,01267
-0,013546
-0,016161
-0,014633
-0,017177
-0,016857
-0,017056
-0,017701
-0,018034
-0,019146
-0,019619
-0,017433
-0,018788
-0,019242
-0,02045
-0,021307
-0,020233
-0,020003
-0,019024
-0,019146
-0,019491
-0,020546
-0,017944
-0,018315
-0,017752
-0,01586
-0,016717
-0,014051
-0,014089
-0,010957
-0,011545
-0,008777
-0,009525
-0,007825
-0,007531
-0,006373
-0,004679
-0,002832
-0,002755
-0,001042
-0,00094
0,000754
0,001617
0,001342
0,002915
0,002723
0,005325
0,005715
0,006604
0,005127
0,00948
0,006968
0,009512
0,010273
0,010816
0,013118
0,013501
0,014332
0,014856
0,013687
0,016205
0,015029
0,016007
0,015208
0,015598
0,014869
0,012843
0,014077
0,010151
0,012478
0,011494
0,013814
0,014729
0,014972
0,015151
0,015119
0,015866
0,0168
0,014332
0,015278
0,012146
0,010842
0,009653
0,009212
0,007109
0,007703
0,006111
0,002851
0,00163
0,002909
0,002819
0,002046
0,003995
0,004916
0,005741
0,005932
0,008643
0,006776
0,009391
0,009627
0,010235
0,007639
0,009845
0,007441
0,007812
0,006015
0,003567
0,002058
0,002365
0,003113
0,0014
0,001605
-0,000588
-3,2E-05
0,001368
-0,000147
-0,001234
0,000224
-0,001649
-0,002512
-0,002602
-0,004181
-0,002365
-0,005114
-0,005363
-0,006003
-0,005907
-0,007096
-0,0059
-0,01012
-0,008969
-0,010081
-0,009704
-0,009212
-0,009621
-0,011718
-0,010215
-0,011846
-0,012376
-0,014652
-0,01313
-0,011149
-0,014281
-0,014677
-0,01618
-0,017912
-0,017535
-0,01834
-0,019875
-0,020207
-0,02052
-0,022387
-0,022611
-0,023544
-0,024164
-0,021339
-0,023851
-0,021364
-0,019229
-0,020763
-0,018769
-0,018935
-0,018858
-0,019427
-0,017855
-0,016704
-0,015151
-0,01244
-0,01313
-0,012568
-0,01205
-0,010292
-0,009161
-0,008381
-0,0073
-0,006974
-0,007658
-0,006194
-0,006699
-0,005344
-0,005012
-0,006067
-0,00599
-0,007639
-0,007064
-0,005932
-0,006284
-0,006003
-0,005268
-0,005236
-0,003931
-0,004775
-0,002953
-0,003708
-0,003081
-0,001828
-0,00211
0,000166
-8,9E-05
-0,000646
-0,000754
0,000767
