0,003068
0,003235
0,002391
0,002455
0,001048
0,001068
0,002365
-0,002442
-0,003171
-0,003976
-0,006188
-0,009014
-0,01352
-0,016276
-0,018961
-0,021645
-0,028377
-0,033568
-0,03702
-0,047472
-0,054254
-0,060781
-0,062603
-0,065607
-0,064904
-0,064891
-0,065863
-0,067794
-0,076034
-0,077133
-0,080637
-0,07909
-0,070958
-0,063012
-0,048757
-0,037371
-0,014767
-0,003695
0,012063
0,027808
0,040516
0,055034
0,069986
0,079473
0,091728
0,100262
0,10714
0,111513
0,119619
0,124388
0,128351
0,128236
0,128236
0,126925
0,125615
0,12612
0,12013
0,115432
0,111072
0,101304
0,090027
0,079019
0,063089
0,045356
0,024554
0,004596
-0,014773
-0,02993
-0,042153
-0,049568
-0,050936
-0,05178
-0,0465
-0,039391
-0,030659
-0,021345
-0,013444
-0,006584
-0,005012
-0,006546
-0,017132
-0,028128
-0,044851
-0,058537
-0,070773
-0,080342
-0,088346
-0,095346
-0,10007
-0,105683
-0,108847
-0,111129
-0,11157
-0,108815
-0,105223
-0,098466
-0,09417
-0,082414
-0,073522
-0,065256
-0,053909
-0,045579
-0,034437
-0,028089
-0,017529
-0,007505
-0,002001
0,00411
0,011583
0,019171
0,025379
0,033344
0,038874
0,044518
0,049377
0,051262
0,051537
0,04712
0,042051
0,038062
0,032609
0,030001
0,02917
0,031624
0,03211
0,037096
0,042831
0,050041
0,053992
0,061465
0,066183
0,074269
0,078297
0,08056
0,081308
0,077869
0,076117
0,068254
0,057617
0,048456
0,038464
0,02449
0,013731
0,003228
-0,008029
-0,015055
-0,021076
-0,022508
-0,026139
-0,027565
-0,026095
-0,025935
-0,025583
-0,023819
-0,022515
-0,025628
-0,028319
-0,033171
-0,037211
-0,042556
-0,046871
-0,054229
-0,058997
-0,062181
-0,063223
-0,065978
-0,06633
-0,062015
-0,060378
-0,059081
-0,0535
-0,048667
-0,044352
-0,04005
-0,034181
-0,030058
-0,027482
-0,024126
-0,022604
-0,019811
-0,019855
-0,0182
-0,017011
-0,016448
-0,014703
-0,011564
-0,010362
-0,007614
-0,001342
0,004788
0,011551
0,017171
0,023397
0,027629
0,033894
0,038394
0,047005
0,049869
0,053468
0,054484
0,059061
0,061938
0,06245
0,060743
0,062935
0,061018
0,061171
0,061305
0,057649
0,058927
0,058595
0,059093
0,058173
0,05543
0,056063
0,053059
0,049735
0,049581
0,045586
0,040504
0,037486
0,03335
0,026823
0,023864
0,021671
0,016557
0,010874
0,006783
0,003765
-0,000416
-0,003542
-0,007748
-0,012753
-0,015208
-0,020297
-0,023538
-0,02497
-0,028191
-0,027744
-0,03126
-0,033376
-0,033874
-0,037167
-0,037493
-0,037723
-0,040913
-0,042012
-0,045407
-0,044902
-0,047216
-0,046954
-0,049204
-0,049536
-0,046366
-0,045426
-0,045279
-0,041053
-0,041392
-0,035856
-0,033184
-0,028684
-0,025845
-0,025379
-0,018737
-0,017669
-0,014671
-0,0126
-0,008566
-0,005581
0,001163
0,001796
0,001528
0,006815
0,009512
0,010471
0,01267
0,018698
0,018462
0,019894
0,02015
0,023173
0,025647
0,026216
0,025519
0,025813
0,027041
0,025385
0,025161
0,025417
0,024886
0,022547
0,021818
0,021358
0,020757
0,019664
0,017382
0,015528
0,013495
0,012063
0,011973
0,007697
0,006808
0,004174
0,005402
0,003605
0,000837
-0,000703
-0,001247
-0,004468
-0,003708
-0,008272
-0,009889
-0,010593
-0,015285
-0,016461
-0,018155
-0,021236
-0,02442
-0,026996
-0,026977
-0,027341
-0,026555
-0,028524
-0,028562
-0,026561
-0,028268
-0,026804
-0,025845
-0,021671
-0,020277
-0,017298
-0,013079
-0,011577
-0,011238
-0,007825
-0,004245
-0,003804
-0,002858
-0,00085
0,002295
-0,000371
0,002576
0,00342
0,006655
0,00973
0,012664
0,013853
0,016129
0,016148
0,017471
0,016998
0,019504
0,024324
0,02208
0,023256
0,0227
0,023749
0,023838
0,022413
0,020022
0,016723
0,016889
0,01111
0,010593
0,008515
0,005836
0,00514
0,003599
0,000716
-0,00101
-0,002161
-0,003727
-0,005063
-0,005581
-0,007499
-0,006431
-0,008074
-0,008464
-0,010791
-0,011903
-0,009595
-0,010017
-0,010919
-0,011436
-0,012299
-0,012939
-0,012766
-0,012434
-0,014505
-0,014927
-0,010861
-0,010158
-0,010701
-0,008962
-0,008547
-0,006578
-0,002973
-0,000243
-0,001822
-0,001106
-0,000531
0,000109
0,00411
0,005325
0,005638
0,007575
0,010004
0,00925
0,011155
0,011417
0,014524
0,016052
0,01478
0,01492
0,017209
0,015803
0,01625
0,01602
0,016774
0,016761
0,017765
0,016729
0,014582
0,01508
0,012561
0,010867
0,009749
0,010458
0,008394
0,007428
0,005996
0,006118
0,005408
0,003938
0,004954
0,00466
0,002634
0,00381
0,001847
0,002838
0,001796
0,002698
0,000479
0,00094
0,00094
0,00032
0,000742
-0,002806
-0,003049
-0,002039
-0,002173
-0,004647
-0,002774
-0,004405
-0,003701
-0,003343
-0,00234
0,000742
6,4E-05
0,002519
0,002308
0,004283
0,006111
0,00491
0,00808
0,00909
0,008604
0,009397
0,007703
0,009659
0,008649
0,008381
0,008521
0,008732
0,0101
0,00794
0,007236
0,008713
0,008854
0,008943
0,007997
0,008342
0,008867
0,006265
0,007588
0,00397
0,002781
0,002551
0,000876
0,00211
-0,002122
-0,003778
-0,00629
-0,006751
-0,007799
-0,009193
-0,009755
-0,010478
-0,010292
-0,011225
-0,011123
-0,008406
-0,008477
-0,008106
-0,009065
-0,006278
-0,005971
-0,004385
-0,005031
-0,005089
-0,004117
-0,006131
-0,006674
-0,007051
-0,006233
-0,006399
-0,006751
-0,004174
-0,005587
-0,007518
-0,008029
-0,003637
-0,006137
-0,004871
-0,005089
-0,004283
-0,005664
-0,005178
-0,003676
-0,005338
-0,003177
-0,005568
-0,005344
-0,004596
-0,004903
-0,003567
-0,004008
-0,003778
-0,002889
-0,002078
-0,002014
0,000422
0,000153
0,000454
0,002052
0,001445
0,00296
0,001291
-0,000409
0,002154
0,003554
0,004858
0,003727
0,003343
0,003126
0,005721
0,005766
0,005031
0,004654
0,00505
0,001739
0,001886
0,002257
0,001905
0,003196
0,003752
0,002576
0,002308
0,002896
0,001975
0,005031
0,003714
0,004181
0,003637
0,005095
0,005913
0,006335
0,007109
0,007
0,005753
0,006169
0,007313
0,005268
0,007166
0,006399
0,005619
0,003254
0,003107
0,002947
0,003778
0,00156
0,002838
0,001061
-0,001464
-0,001323
-0,001899
-0,000511
-0,00108
-0,00248
-0,002672
-0,000531
-0,001323
-0,001854
-0,002979
-0,003363
-0,003484
-0,00397
-0,002774
-0,002896
-0,001195
-0,004104
-0,002487
-0,002071
-0,00046
-0,001509
0,000735
0,002934
0,002161
0,003414
0,004865
0,002065
0,000237
0,003401
0,001496
0,002659
0,001202
0,000729
-0,000857
-0,000486
-0,000198
-0,001176
-0,002468
-0,003791
-0,0042
-0,003893
-0,005894
-0,0056
-0,005939
-0,007518
-0,007173
-0,006028
-0,007224
-0,008547
-0,007543
-0,007447
-0,009774
-0,009058
-0,009378
-0,009039
-0,010701
-0,010772
-0,011609
-0,01104
-0,007991
-0,007799
-0,006489
-0,008867
-0,009909
-0,008879
-0,008394
-0,010286
-0,010989
-0,013463
-0,010804
-0,012255
-0,013092
-0,015835
-0,015176
-0,014952
-0,014984
-0,012312
-0,011174
-0,011034
-0,01159
-0,007614
-0,008016
-0,004366
-0,002154
0,000198
0,002116
0,001732
0,00512
0,003778
0,003919
0,005664
0,007179
0,005542
0,007243
0,007594
0,004264
0,00452
0,002915
0,001048
0,000447
-0,001918
-0,000825
-0,003299
-0,003439
-0,007454
-0,007358
-0,008451
-0,008221
-0,008438
-0,007345
-0,005325
-0,005491
-0,004149
-0,003247
-0,001253
-0,00241
-0,000729
-1,9E-05
0,002321
0,00108
-0,000646
0,000409
0,000908
-0,000729
-0,002621
-0,001739
-0,003279
-0,00349
-0,004878
-0,0017
-0,005542
-0,002845
-0,002186
0,000786
-0,00062
0,003522
0,005344
0,005095
0,00746
0,010708
0,012747
0,012178
0,014614
0,014927
0,018769
0,018053
0,018264
0,020431
0,017541
0,018935
0,019664
0,018877
0,020367
0,017618
0,015508
0,014032
0,013373
0,013456
0,01182
0,009231
0,00971
0,009768
0,009161
0,006808
0,006054
0,005268
0,007531
0,006015
0,00755
0,005389
0,006962
0,007997
0,008336
0,009058
0,007614
0,007268
0,009365
0,009001
0,007837
0,007716
0,006891
0,006904
0,007077
0,005773
0,008106
0,007722
0,005574
0,006278
0,00684
0,00755
0,007761
0,006942
0,007761
0,008943
0,006815
0,008445
0,006233
0,006917
0,007888
0,006687
0,009154
0,006105
0,00755
0,007275
0,009838
0,01097
0,010305
0,009148
0,010043
0,011168
0,01313
0,010912
0,00654
0,007556
0,007812
0,008425
0,005836
0,003005
0,00172
0,000895
-0,002595
-0,005696
-0,005223
-0,003925
-0,008457
-0,007741
-0,008016
-0,006431
-0,005983
-0,005127
-0,004858
-0,005453
-0,004379
-0,003401
-0,00234
-0,003567
-0,005587
-0,004015
-0,005108
-0,007869
-0,007805
-0,007991
-0,008509
-0,010612
-0,008074
-0,009205
-0,009755
-0,008573
-0,005849
-0,004865
-0,006175
-0,005057
-0,006099
-0,004328
-0,002583
-0,002276
-0,004034
-0,000908
-0,001234
0,00094
0,002084
-0,000556
0,001521
8,3E-05
0,000479
-0,00016
0,002928
0,003126
0,004948
0,005344
0,003842
0,006859
0,00576
0,007332
0,006885
0,006668
0,009672
0,00801
0,010835
0,008048
0,007198
0,005261
0,005664
0,006079
0,003446
0,004162
0,00257
-0,000121
8,9E-05
0,001125
0,000109
0,002774
0,004213
0,002397
0,001534
0,003056
0,002902
0,002442
0,006278
0,003414
0,004737
0,005248
0,005005
0,005964
0,004462
0,006092
0,005076
0,006655
0,004552
0,006514
0,006489
0,01026
0,009359
0,010829
0,013463
0,015119
0,013821
0,015566
0,015317
0,012951
0,015975
0,0126
0,010567
0,012907
0,011692
0,008847
0,008266
0,01136
0,008726
0,008406
0,008227
0,010382
0,010656
0,008253
0,005587
0,003861
0,002212
-0,000268
-0,002026
-0,001394
-0,000614
0,001419
0,001042
0,000256
0,000614
0,002941
0,003011
0,003299
0,00583
0,003721
0,003273
0,003343
0,000185
0,001521
1,9E-05
-0,00085
-0,000428
-0,001451
-0,000984
-0,000716
-0,001055
0,002103
0,002966
0,002384
0,003567
0,004564
0,003215
0,003337
0,005005
0,005268
0,005383
0,004117
0,005447
0,004181
0,002493
0,0031
0,002909
0,002787
0,003017
0,007025
0,005734
0,005351
0,006099
0,004379
0,004552
0,007569
0,006802
0,005351
0,004743
0,005594
0,002116
0,001144
0,001432
-0,000818
0,000671
-0,001803
-0,002691
-0,004763
-0,004948
-0,006936
-0,006527
-0,009909
-0,008771
-0,009698
-0,011532
-0,010733
-0,011775
-0,011347
-0,012568
-0,01338
-0,012242
-0,015106
-0,015534
-0,016672
-0,016346
-0,016742
-0,019031
-0,018353
-0,018462
-0,018654
-0,017228
-0,016007
-0,013642
-0,013354
-0,011986
-0,008029
-0,008924
-0,007959
-0,006527
-0,006565
-0,004475
-0,006258
-0,008349
-0,007454
-0,012108
-0,009755
-0,011193
-0,008227
-0,005881
-0,005133
-0,001963
-0,000658
0,000294
0,002826
0,006923
0,005447
0,009205
0,00732
0,007025
0,005677
0,003452
0,002046
0,001982
-0,002352
-0,001605
-0,00342
-0,007109
-0,006565
-0,008777
-0,005952
-0,004392
-0,003049
-0,001406
0,001643
0,00482
0,004085
0,005127
0,005747
0,005172
0,007735
0,007831
0,008151
0,006789
0,005466
0,006047
0,00551
0,004692
0,006367
0,004066
0,005057
0,004417
0,006604
0,006891
0,006207
0,007313
0,008604
0,010835
0,009941
0,010931
0,012804
0,012338
0,010842
0,012549
0,010688
0,011264
0,007601
0,007371
0,002909
0,000224
0,000486
-0,002333
-0,003644
-0,004436
-0,004507
-0,003241
-0,004392
-0,001956
-0,002167
0,000403
0,001694
0,004187
0,002506
0,0045
0,003765
0,002442
0,0017
0,00133
0,001662
0,001521
0,002448
0,00133
0,002787
0,005152
0,005843
0,006501
0,013393
0,01212
0,013393
0,014128
0,014735
0,012638
0,012383
0,017171
0,01313
0,01072
0,008899
0,008521
0,005363
0,003331
0,002007
0,002237
0,001579
0,001988
0,003912
0,004871
0,006629
0,008298
0,008822
0,009397
0,007371
0,010414
0,00909
0,007799
0,006866
0,002845
0,001982
-7,7E-05
-0,002883
-0,003618
-0,005472
-0,004993
-0,003906
-0,004123
-0,001336
-0,003164
-0,001151
0,000294
0,002007
-6E-06
-6E-06
-0,001579
-0,00117
-0,001234
-0,002634
-0,005076
-0,006763
-0,005261
-0,006124
-0,005101
-0,006233
-0,007288
-0,007799
-0,007646
-0,00707
-0,005095
-0,007057
-0,006226
-0,009161
-0,007102
-0,006783
-0,00654
-0,008867
-0,006795
-0,008483
-0,009365
-0,007562
-0,009512
-0,009378
-0,008675
-0,008899
-0,009531
-0,008087
-0,006699
-0,009883
-0,008406
-0,007198
-0,006546
-0,005542
-0,004385
-0,003043
-0,001873
-0,00101
0,000332
-0,000243
-0,002333
-0,000946
0,001387
0,000102
0,001266
0,000646
-0,000185
0,00108
0,000812
-0,000173
0,002154
0,002921
0,000499
0,002352
0,002781
0,000984
0,002199
-8,3E-05
0,002384
0,001988
0,002237
-0,002122
-0,002199
-0,003919
-0,003254
-0,005517
-0,004417
-0,004807
-0,004136
-0,005811
-0,005932
-0,005089
-0,005095
-0,004724
-0,000805
-0,003618
-0,00071
0,001994
0,002097
0,002985
0,00411
0,00652
0,009052
0,007236
0,007812
0,009352
0,008534
0,012357
0,00794
0,01033
0,007863
0,006118
0,005932
0,003855
0,003823
-0,001892
0,001432
0,000115
0,000895
0,000447
0,00186
-0,000179
6E-06
0,00055
0,002212
0,003874
0,003612
0,00482
0,006386
0,002097
0,004436
0,002148
0,004379
0,002762
0,001598
0,000537
-0,000761
-0,002845
-0,001745
-0,002742
-0,002212
-0,004385
-0,004526
-0,002391
-0,002365
-0,001854
-0,000978
-0,003337
-0,001151
-0,001023
-0,000703
-0,002647
-0,003951
-0,002167
-0,003797
-0,006898
-0,005824
-0,006239
-0,004954
-0,007499
-0,00771
-0,006418
-0,004973
-0,006674
-0,007556
-0,005581
-0,007991
-0,008087
-0,00491
-0,007729
-0,008943
-0,007569
-0,008087
-0,008246
-0,009161
-0,010625
-0,007927
-0,01081
-0,006942
-0,008573
-0,009014
-0,008502
-0,005849
-0,004775
-0,005242
-0,002749
-0,003158
-0,00351
-0,003893
-0,006425
-0,006169
-0,006559
-0,006239
-0,007543
-0,009122
-0,006699
-0,005395
-0,007684
-0,006482
-0,005971
-0,004289
-0,003944
