0,007019
0,007109
0,007
0,008528
0,003944
0,007096
0,00537
0,00381
0,002455
0,001291
-0,001016
-0,00413
-0,007901
-0,010362
-0,012287
-0,014645
-0,019855
-0,024279
-0,032986
-0,037819
-0,047555
-0,055047
-0,063089
-0,067033
-0,068906
-0,073061
-0,075983
-0,080867
-0,086492
-0,089394
-0,08809
-0,082887
-0,073125
-0,060596
-0,042044
-0,027974
-0,003407
0,012025
0,032769
0,041207
0,059336
0,070223
0,088212
0,103886
0,115189
0,125276
0,1328
0,135102
0,137256
0,13739
0,133011
0,12938
0,124554
0,119651
0,115438
0,109876
0,098523
0,092156
0,07932
0,062986
0,043227
0,031867
0,017471
-0,000831
-0,01205
-0,02302
-0,031995
-0,042294
-0,045068
-0,047766
-0,048073
-0,044895
-0,037991
-0,033651
-0,027744
-0,021927
-0,021908
-0,023474
-0,02637
-0,030825
-0,040568
-0,044985
-0,053065
-0,060941
-0,067877
-0,070249
-0,077785
-0,08001
-0,078201
-0,0759
-0,071815
-0,067973
-0,063383
-0,060711
-0,058806
-0,05543
-0,052982
-0,051895
-0,049281
-0,042402
-0,035262
-0,031963
-0,022937
-0,013015
-0,002033
0,010458
0,021939
0,028179
0,041232
0,051486
0,060947
0,066343
0,070638
0,072128
0,076168
0,070722
0,068043
0,060429
0,05396
0,043936
0,035211
0,026529
0,019459
0,014671
0,013092
0,011667
0,011705
0,015176
0,017605
0,024765
0,030116
0,034079
0,038196
0,037838
0,038579
0,036559
0,034079
0,028473
0,021409
0,013623
0,008336
0,00016
-0,010088
-0,016851
-0,027917
-0,03399
-0,038758
-0,04028
-0,040747
-0,040862
-0,039193
-0,039244
-0,03514
-0,032877
-0,032232
-0,031413
-0,030844
-0,034143
-0,03537
-0,037589
-0,043003
-0,045554
-0,050125
-0,054925
-0,056511
-0,063153
-0,062251
-0,063696
-0,062501
-0,061324
-0,057617
-0,054043
-0,051365
-0,046372
-0,039813
-0,037653
-0,031343
-0,026747
-0,024771
-0,019344
-0,01774
-0,016103
-0,014684
-0,01453
-0,01221
-0,009499
-0,008988
-0,005057
-0,000633
0,001406
0,005376
0,008822
0,011385
0,013495
0,016857
0,018954
0,025807
0,026491
0,02977
0,031375
0,03461
0,039947
0,042319
0,045362
0,049926
0,05327
0,055961
0,059598
0,062929
0,064821
0,06594
0,06624
0,06881
0,068797
0,069565
0,07005
0,071163
0,07037
0,069226
0,070306
0,070945
0,074129
0,074097
0,07613
0,077031
0,077939
0,076884
0,07721
0,075094
0,073854
0,069743
0,06936
0,065544
0,062558
0,058058
0,053072
0,047197
0,045631
0,040766
0,036643
0,035997
0,033184
0,03078
0,030205
0,02878
0,028409
0,026843
0,025871
0,022854
0,022834
0,017605
0,014435
0,006207
0,003184
-0,006207
-0,014351
-0,021013
-0,025174
-0,032091
-0,036253
-0,038573
-0,039379
-0,040433
-0,03741
-0,033376
-0,030787
-0,025072
-0,021319
-0,01811
-0,015266
-0,012702
-0,01205
-0,013859
-0,014025
-0,015937
-0,01905
-0,023199
-0,02573
-0,030013
-0,033459
-0,041149
-0,044729
-0,046295
-0,049268
-0,051569
-0,050828
-0,050457
-0,051205
-0,049517
-0,050067
-0,04852
-0,04985
-0,051141
-0,051352
-0,054631
-0,057361
-0,060787
-0,063607
-0,066995
-0,069066
-0,072671
-0,076047
-0,076833
-0,078354
-0,079626
-0,080368
-0,080764
-0,083238
-0,086313
-0,086895
-0,088295
-0,088384
-0,090999
-0,089011
-0,090788
-0,090289
-0,090162
-0,092744
-0,088883
-0,089573
-0,088237
-0,085322
-0,08242
-0,080151
-0,076098
-0,075318
-0,071048
-0,06819
-0,065691
-0,060749
-0,058301
-0,050904
-0,045381
-0,044186
-0,03562
-0,032264
-0,024676
-0,020578
-0,016544
-0,010599
-0,006367
-0,000595
0,001573
0,006482
0,011526
0,014006
0,017944
0,020616
0,024222
0,025692
0,030908
0,033945
0,035581
0,038074
0,041821
0,047868
0,047855
0,050112
0,051991
0,053922
0,056242
0,059253
0,061107
0,061657
0,063786
0,064642
0,064246
0,065576
0,065467
0,068606
0,06828
0,069264
0,07014
0,070792
0,071054
0,071431
0,072901
0,072703
0,072703
0,072122
0,071386
0,071067
0,069123
0,066183
0,065045
0,063543
0,062801
0,061056
0,058742
0,058237
0,05715
0,054746
0,056089
0,056019
0,05543
0,057073
0,054472
0,053839
0,053973
0,054503
0,051339
0,050988
0,048987
0,048341
0,043681
0,040983
0,041437
0,036476
0,035741
0,033274
0,030435
0,026146
0,02573
0,022138
0,025321
0,019357
0,018583
0,017714
0,015783
0,013987
0,012932
0,010765
0,009193
0,007192
0,006642
0,003299
0,003279
-0,00039
-0,003343
-0,002998
-0,005785
-0,006258
-0,006668
-0,008278
-0,009384
-0,01019
-0,009602
-0,011558
-0,011628
-0,013246
-0,014901
-0,014735
-0,014856
-0,016992
-0,019012
-0,019287
-0,020233
-0,020623
-0,022604
-0,024222
-0,024477
-0,02364
-0,025513
-0,026286
-0,02814
-0,025973
-0,025347
-0,025641
-0,025954
-0,02527
-0,025104
-0,025468
-0,022144
-0,021128
-0,023499
-0,021901
-0,023921
-0,022393
-0,022981
-0,022144
-0,020194
-0,023589
-0,020533
-0,021792
-0,017701
-0,020054
-0,015962
-0,016071
-0,015477
-0,01416
-0,013431
-0,013015
-0,012574
-0,01253
-0,009806
-0,010177
-0,009845
-0,01205
-0,011846
-0,012606
-0,01352
-0,013073
-0,013584
-0,01455
-0,013623
-0,013981
-0,015246
-0,014281
-0,014837
-0,015234
-0,017196
-0,016256
-0,016921
-0,019203
-0,015342
-0,015726
-0,016097
-0,016864
-0,015534
-0,013303
-0,014179
-0,015067
-0,015016
-0,012715
-0,011718
-0,01267
-0,010267
-0,009544
-0,007326
-0,006878
-0,006834
-0,005862
-0,004296
-0,004635
-0,004615
-0,001739
0,001253
0,000173
0,001048
0,003957
0,006559
0,006329
0,007646
0,008905
0,005702
0,007729
0,008119
0,011155
0,010049
0,010548
0,011264
0,010701
0,011232
0,013923
0,014965
0,014281
0,015445
0,016135
0,016915
0,015962
0,016698
0,015988
0,013891
0,014844
0,012766
0,016646
0,014901
0,015668
0,01485
0,014927
0,015003
0,014882
0,016346
0,017708
0,020213
0,018398
0,019919
0,020194
0,018845
0,015675
0,014837
0,014761
0,01393
0,012184
0,008534
0,009742
0,009691
0,006744
0,004999
0,00521
0,004494
0,004564
0,002346
0,001042
0,004072
0,003829
0,000837
0,001937
0,001924
0,001183
-0,001068
-0,001157
-0,002397
-0,004021
-0,005587
-0,005715
-0,006546
-0,004711
-0,007639
-0,006508
-0,006642
-0,006604
-0,00808
-0,008451
-0,006495
-0,009646
-0,006668
-0,008099
-0,007109
-0,007978
-0,009014
-0,006501
-0,00925
-0,00792
-0,008304
-0,007575
-0,006866
-0,006341
-0,005983
-0,007441
-0,007499
-0,005587
-0,010759
-0,010944
-0,011168
-0,013437
-0,011686
-0,014665
-0,017119
-0,018283
-0,020335
-0,021108
-0,019108
-0,023614
-0,022144
-0,020981
-0,021709
-0,022611
-0,02371
-0,022809
-0,021939
-0,023678
-0,024413
-0,026766
-0,025315
-0,024164
-0,026951
-0,025046
-0,026996
-0,027961
-0,025244
-0,02839
-0,029387
-0,028064
-0,031138
-0,028869
-0,029815
-0,031618
-0,031982
-0,032948
-0,030506
-0,033523
-0,033235
-0,032187
-0,029016
-0,029898
-0,026638
-0,025692
-0,021722
-0,019357
-0,015483
-0,016506
-0,012172
-0,009026
-0,005159
-0,004417
-0,001969
0,000499
0,001624
0,002046
0,005677
0,006968
0,00771
0,007671
0,008668
0,009646
0,008585
0,009282
0,008911
0,009141
0,008515
0,008841
0,008592
0,007083
0,008918
0,006604
0,00514
0,006687
0,006795
0,007345
0,007262
0,012389
0,013028
0,013009
0,015259
0,017867
0,018609
0,022489
0,024541
0,02605
0,026913
0,027923
0,029246
0,030601
0,030825
0,030659
0,029189
0,02963
0,029732
0,028645
0,027169
0,026178
0,027092
0,025845
0,024541
0,025417
0,026024
0,025168
0,024375
0,023077
0,024759
0,02699
0,027533
0,026581
0,026139
0,028658
0,028147
0,02993
0,031496
0,030422
0,031209
0,0322
0,032046
0,030864
0,032487
0,031663
0,031612
0,029809
0,027373
0,028754
0,027105
0,023307
0,0227
0,022553
0,019056
0,020028
0,019101
0,019606
0,016346
0,015656
0,01469
0,013271
0,012881
0,010541
0,009135
0,007543
0,007268
0,005408
0,006712
0,006476
0,004584
0,001279
0,001617
-0,001688
0,000205
0,000882
-0,004405
-0,003855
-0,006271
-0,007032
-0,008783
-0,009429
-0,00909
-0,012184
-0,011353
-0,01531
-0,017823
-0,017656
-0,01781
-0,018871
-0,022099
-0,020859
-0,020079
-0,019466
-0,019063
-0,022815
-0,021581
-0,022981
-0,019766
-0,022176
-0,021339
-0,020476
-0,020802
-0,020482
-0,02114
-0,020897
-0,023608
-0,024912
-0,024337
-0,025065
-0,025513
-0,025155
-0,025999
-0,02566
-0,0266
-0,02596
-0,027245
-0,028102
-0,026945
-0,027463
-0,027949
-0,026523
-0,026478
-0,026907
-0,027482
-0,027795
-0,026939
-0,026293
-0,026376
-0,024349
-0,02559
-0,025404
-0,024599
-0,024094
-0,024669
-0,022592
-0,020559
-0,020137
-0,017746
-0,017963
-0,012817
-0,011692
-0,010733
-0,009531
-0,005862
-0,004181
-0,001732
0,002365
0,002858
0,003299
0,007454
0,007473
0,010407
0,012159
0,013054
0,015739
0,018021
0,018967
0,020162
0,022234
0,026855
0,028728
0,03149
0,03677
0,036559
0,036585
0,039468
0,042447
0,044179
0,045228
0,046973
0,047382
0,051397
0,050578
0,05187
0,053941
0,053634
0,052867
0,054184
0,054919
0,058243
0,056383
0,058588
0,058959
0,058166
0,058678
0,056287
0,057796
0,058403
0,056012
0,054075
0,052445
0,05132
0,050924
0,046973
0,047894
0,043841
0,044582
0,043086
0,043252
0,043201
0,042664
0,04161
0,040433
0,041571
0,043201
0,039935
0,03881
0,038215
0,036189
0,034022
0,027897
0,026542
0,025539
0,019542
0,017848
0,015259
0,013207
0,010906
0,011098
0,00769
0,006994
0,004558
0,002583
-0,000237
3,2E-05
-0,001259
-0,002461
-0,003599
-0,003267
-0,004941
-0,00622
-0,008394
-0,007422
-0,006604
-0,006463
-0,006719
-0,004775
-0,006693
-0,007224
-0,008502
-0,011181
-0,014243
-0,017004
-0,020642
-0,022042
-0,024254
-0,024516
-0,024503
-0,028409
-0,029048
-0,030876
-0,029668
-0,027194
-0,027233
-0,026523
-0,026676
-0,028505
-0,026555
-0,028211
-0,02917
-0,030243
-0,031356
-0,032021
-0,034706
-0,037569
-0,036067
-0,037972
-0,038829
-0,039481
-0,039455
-0,039417
-0,038733
-0,040184
-0,03911
-0,037947
-0,037812
-0,038369
-0,038298
-0,038183
-0,040983
-0,040791
-0,040152
-0,039941
-0,041411
-0,041207
-0,042684
-0,043137
-0,042338
-0,045094
-0,043169
-0,043821
-0,041642
-0,042754
-0,04067
-0,039372
-0,04106
-0,039084
-0,037857
-0,036547
-0,034424
-0,034213
-0,033101
-0,032526
-0,03057
-0,028243
-0,028479
-0,02589
-0,024158
-0,021447
-0,019792
-0,018647
-0,015406
-0,013425
-0,011302
-0,010452
-0,009384
-0,007761
-0,007396
-0,005517
-0,00583
-0,004596
-0,004008
-0,004724
-0,003311
-0,001611
-0,001854
-0,001931
-0,001093
0,001272
0,003107
0,003228
0,005261
0,008509
0,007051
0,008272
0,012523
0,013635
0,012293
0,012836
0,013565
0,013527
0,011225
0,01283
0,011245
0,011334
0,012229
0,010401
0,011372
0,01274
0,012229
0,015592
0,018168
0,018679
0,020635
0,02224
0,023167
0,023001
0,023813
0,023269
0,023665
0,024701
0,02465
0,023416
0,025225
0,02559
0,026216
0,02534
0,025992
0,027034
0,02846
0,028671
0,029905
0,029969
0,03142
0,032724
0,033657
0,032602
0,033485
0,031452
0,032148
0,029707
0,028716
0,029444
0,026791
0,02722
0,026056
0,023998
0,02254
0,02286
0,022643
0,020987
0,020073
0,022336
0,022297
0,021729
0,020993
0,020476
0,021243
0,018858
0,019069
0,016519
0,011673
0,009972
0,007665
0,005197
0,005223
0,002538
0,000384
-0,001406
-0,001483
-0,003548
6,4E-05
-0,002122
-6,4E-05
-0,000984
0,000173
-0,001745
-4,5E-05
6,4E-05
-0,000486
-0,003586
-0,004104
-0,005715
-0,006373
-0,006776
-0,006278
-0,008208
-0,009058
-0,010113
-0,00824
-0,009141
-0,008432
-0,008624
-0,00831
-0,007984
-0,005517
-0,00654
-0,007038
-0,006207
-0,007121
-0,008055
-0,007511
-0,010471
-0,009595
-0,010452
-0,01074
-0,01136
-0,013201
-0,012095
-0,012485
-0,013782
-0,014908
-0,014793
-0,017369
-0,017247
-0,015656
-0,016269
-0,01664
-0,018129
-0,018935
-0,016269
-0,0196
-0,018654
-0,019082
-0,021524
-0,018762
-0,018104
-0,020929
-0,019549
-0,019804
-0,019964
-0,018034
-0,017982
-0,015713
-0,016864
-0,013009
-0,012101
-0,014601
-0,012095
-0,008899
-0,009173
-0,007038
-0,007128
-0,005958
-0,003836
-0,00491
-0,003356
-0,002333
-0,001649
0,001605
0,000716
0,00147
0,003484
0,003938
0,005025
0,00551
0,008975
0,007307
0,010292
0,011046
0,01189
0,011046
0,012319
0,013067
0,012958
0,015483
0,014562
0,013533
0,014786
0,014908
0,014965
0,01556
0,013418
0,014735
0,014128
0,015055
0,015067
0,016116
0,01554
0,015924
0,016506
0,016864
0,017433
0,017107
0,017413
0,015739
0,013188
0,012095
0,012555
0,012932
0,010075
0,008144
0,005798
0,005792
0,004443
0,005613
0,005626
0,003152
0,003388
0,00404
0,004724
0,006476
0,005875
0,006846
0,008099
0,007997
0,007582
0,008803
0,006482
0,006994
0,00443
0,006278
0,005363
0,004034
0,001553
0,002998
0,001784
0,000761
9,6E-05
0,000288
0,001668
0,001426
-0,000972
0,000121
-0,001119
-0,001637
-0,003145
-0,003983
-0,002052
-0,004302
-0,004398
-0,007192
-0,007665
-0,006143
-0,0059
-0,009768
-0,008317
-0,011826
-0,008988
-0,01072
-0,01175
-0,011494
-0,012216
-0,012383
-0,011193
-0,012907
-0,011072
-0,011986
-0,012383
-0,013603
-0,013508
-0,014032
-0,015828
-0,016001
-0,016455
-0,018129
-0,020476
-0,021658
-0,021115
-0,022924
-0,022649
-0,023052
-0,022496
-0,022355
-0,022508
-0,022138
-0,020431
-0,020079
-0,019542
-0,019389
-0,017151
-0,017746
-0,017567
-0,015483
-0,014025
-0,014614
-0,012427
-0,011123
-0,008962
-0,010024
-0,007262
-0,0073
-0,008029
-0,007984
-0,006405
-0,005178
-0,006591
-0,007
-0,006648
-0,007837
-0,007952
-0,008809
-0,007109
-0,007403
-0,007837
-0,00691
-0,00661
-0,005376
-0,004481
-0,005753
-0,003778
-0,003516
-0,003989
-0,002506
3,2E-05
-0,000428
-6,4E-05
-0,001521
-0,003586
