0,007812
0,009378
0,005581
0,007179
0,004961
0,004264
0,002474
0,002257
0,001151
-0,000601
-0,001068
-0,004878
-0,006297
-0,009551
-0,012184
-0,01719
-0,021882
-0,024151
-0,03273
-0,04067
-0,049262
-0,056792
-0,063102
-0,065889
-0,068612
-0,070383
-0,075721
-0,079831
-0,08336
-0,086217
-0,086927
-0,086013
-0,073848
-0,059963
-0,038413
-0,026529
-0,003778
0,014364
0,02697
0,045771
0,058985
0,072275
0,084574
0,097865
0,11088
0,123339
0,129489
0,134609
0,135306
0,134251
0,133638
0,129425
0,125097
0,120347
0,116474
0,110075
0,103202
0,09424
0,081186
0,066081
0,05102
0,035613
0,015483
0,002672
-0,014243
-0,023563
-0,032053
-0,039321
-0,045592
-0,047689
-0,04735
-0,044684
-0,039506
-0,03181
-0,026843
-0,020584
-0,020571
-0,022623
-0,023908
-0,029994
-0,03842
-0,045937
-0,052995
-0,060698
-0,069705
-0,075203
-0,079396
-0,079914
-0,079869
-0,076411
-0,073713
-0,071041
-0,063319
-0,064386
-0,059707
-0,05584
-0,053033
-0,051269
-0,047395
-0,043425
-0,035313
-0,029412
-0,020329
-0,011162
0,001048
0,009404
0,025219
0,029214
0,041597
0,050335
0,059483
0,065524
0,070766
0,074774
0,073464
0,071048
0,068049
0,060845
0,054126
0,043866
0,034463
0,027437
0,020578
0,013182
0,012907
0,010688
0,01244
0,015093
0,020584
0,025781
0,030979
0,035032
0,038055
0,040069
0,040433
0,036291
0,035358
0,030199
0,022342
0,01368
0,007831
-0,000953
-0,013258
-0,021767
-0,028594
-0,035383
-0,039679
-0,038528
-0,041213
-0,040446
-0,037595
-0,037122
-0,034501
-0,033779
-0,032596
-0,031989
-0,03055
-0,031548
-0,035211
-0,037665
-0,045714
-0,049159
-0,052445
-0,056575
-0,058844
-0,061478
-0,063913
-0,066343
-0,064195
-0,060199
-0,056824
-0,0566
-0,048245
-0,045611
-0,039487
-0,036892
-0,032161
-0,028153
-0,023736
-0,021492
-0,019434
-0,017024
-0,015598
-0,014038
-0,011551
-0,009857
-0,005971
-0,00264
5,8E-05
0,006118
0,006987
0,010343
0,013648
0,014588
0,01788
0,021562
0,024886
0,02674
0,0297
0,031707
0,034661
0,038643
0,042824
0,045797
0,048999
0,053749
0,057853
0,060615
0,062462
0,065959
0,0661
0,06617
0,067519
0,068951
0,070805
0,06828
0,068062
0,068868
0,071866
0,07076
0,073394
0,073637
0,074813
0,076155
0,077159
0,078489
0,079416
0,078041
0,075708
0,075037
0,071412
0,066739
0,064514
0,059125
0,056664
0,051377
0,047337
0,043272
0,038816
0,035064
0,031829
0,030749
0,032583
0,030921
0,030001
0,029272
0,02775
0,027667
0,026076
0,023966
0,018954
0,01361
0,006597
0,00257
-0,007204
-0,014032
-0,020015
-0,025641
-0,032641
-0,034201
-0,037096
-0,039506
-0,037863
-0,036393
-0,032775
-0,027968
-0,02559
-0,0199
-0,016666
-0,014793
-0,014454
-0,012082
-0,011475
-0,011149
-0,015847
-0,018436
-0,022035
-0,026299
-0,03025
-0,03523
-0,039289
-0,042083
-0,045573
-0,048283
-0,051914
-0,050291
-0,051211
-0,051077
-0,051601
-0,050118
-0,050725
-0,051282
-0,054682
-0,054369
-0,056057
-0,061203
-0,063018
-0,06725
-0,070389
-0,072997
-0,075478
-0,076002
-0,078853
-0,080995
-0,080924
-0,08274
-0,083251
-0,085898
-0,085067
-0,086121
-0,085981
-0,087074
-0,090539
-0,089599
-0,090846
-0,091702
-0,087899
-0,089056
-0,089522
-0,087183
-0,088519
-0,085776
-0,081046
-0,08203
-0,077044
-0,075005
-0,07044
-0,069175
-0,066304
-0,061708
-0,055219
-0,053084
-0,046353
-0,04223
-0,036419
-0,030096
-0,026069
-0,020476
-0,013674
-0,009883
-0,005856
-0,0011
0,003331
0,006341
0,010663
0,013955
0,016896
0,022355
0,024196
0,027341
0,028831
0,031094
0,0364
0,038867
0,040836
0,043265
0,046724
0,04758
0,050911
0,052682
0,05669
0,057227
0,061133
0,061791
0,064374
0,06337
0,065173
0,065096
0,067544
0,067723
0,067212
0,068772
0,069091
0,070549
0,0692
0,071214
0,071367
0,07333
0,073547
0,072671
0,073355
0,072077
0,071796
0,069577
0,066739
0,064808
0,064489
0,062859
0,061024
0,058358
0,056824
0,055661
0,05653
0,055942
0,054823
0,056025
0,054133
0,05575
0,055571
0,055009
0,053212
0,051895
0,048482
0,047248
0,043911
0,040772
0,041156
0,035262
0,034718
0,031982
0,029841
0,026536
0,026791
0,024043
0,022969
0,021332
0,020188
0,018551
0,016736
0,015253
0,013335
0,012561
0,011353
0,010068
0,006744
0,005165
0,003657
0,00202
-0,000115
-0,001803
-0,004136
-0,00606
-0,005907
-0,009103
-0,007984
-0,009442
-0,009544
-0,011328
-0,011283
-0,013233
-0,014332
-0,015751
-0,013514
-0,0168
-0,01859
-0,019593
-0,020124
-0,01905
-0,022381
-0,024023
-0,024452
-0,025858
-0,026811
-0,025909
-0,025232
-0,026274
-0,023301
-0,024126
-0,024075
-0,023787
-0,024126
-0,022783
-0,024765
-0,023582
-0,025104
-0,022361
-0,022368
-0,025443
-0,023896
-0,022029
-0,023403
-0,020034
-0,024081
-0,022636
-0,022764
-0,020821
-0,017573
-0,018833
-0,018788
-0,017394
-0,013092
-0,016173
-0,014761
-0,01352
-0,012012
-0,011008
-0,011104
-0,01189
-0,012875
-0,014869
-0,014908
-0,014562
-0,014869
-0,015221
-0,015764
-0,017215
-0,01648
-0,015604
-0,016902
-0,016058
-0,017759
-0,0182
-0,015719
-0,015975
-0,01804
-0,016448
-0,016097
-0,016308
-0,016026
-0,015202
-0,014793
-0,015221
-0,014748
-0,012913
-0,012421
-0,011341
-0,010612
-0,008783
-0,007224
-0,006514
-0,005293
-0,004507
-0,003784
-0,002231
0,000364
0,001496
0,002142
0,004417
0,006386
0,007358
0,008266
0,010382
0,011162
0,011245
0,011877
0,010267
0,010522
0,010484
0,009979
0,00973
0,010113
0,010017
0,010874
0,010682
0,011961
0,013028
0,015278
0,01492
0,013028
0,01554
0,013872
0,014339
0,013795
0,01267
0,011219
0,010369
0,01042
0,010004
0,012127
0,010989
0,011078
0,012299
0,014403
0,016698
0,017887
0,018475
0,018372
0,018833
0,018909
0,019721
0,018104
0,015381
0,013373
0,012082
0,009071
0,008067
0,009173
0,006469
0,005574
0,006054
0,005536
0,003848
0,006028
0,006853
0,006552
0,006322
0,007441
0,005817
0,005504
0,005574
0,003363
0,003305
0,002078
-0,000358
-0,001649
-0,000703
-0,005504
-0,006891
-0,007722
-0,007447
-0,009141
-0,007652
-0,007307
-0,008643
-0,007652
-0,004948
-0,005824
-0,008425
-0,007032
-0,007166
-0,00856
-0,007358
-0,008419
-0,007978
-0,011341
-0,008023
-0,010625
-0,010714
-0,011091
-0,008374
-0,012395
-0,008771
-0,010273
-0,009378
-0,011456
-0,012191
-0,014077
-0,015003
-0,017887
-0,019747
-0,020028
-0,019555
-0,020034
-0,02295
-0,024867
-0,023589
-0,024586
-0,024963
-0,023915
-0,024567
-0,024867
-0,024279
-0,024605
-0,025366
-0,025136
-0,02644
-0,026318
-0,027252
-0,027578
-0,027789
-0,029591
-0,029777
-0,030474
-0,029374
-0,030582
-0,030135
-0,031886
-0,030627
-0,031803
-0,03227
-0,032129
-0,031516
-0,030896
-0,029655
-0,028671
-0,028191
-0,027265
-0,023608
-0,021102
-0,019747
-0,017375
-0,014115
-0,012095
-0,009225
-0,005261
-0,003094
-0,001854
0,000479
0,00273
0,004833
0,005804
0,007134
0,009186
0,010541
0,009007
0,009627
0,010228
0,010465
0,009781
0,009877
0,008758
0,007793
0,008739
0,00918
0,007735
0,009058
0,007665
0,008119
0,0084
0,009007
0,009736
0,012095
0,01205
0,014716
0,012108
0,017113
0,015598
0,017254
0,019101
0,021812
0,024567
0,0252
0,025928
0,029617
0,02986
0,029643
0,03126
0,029093
0,030384
0,028498
0,027846
0,028012
0,026715
0,026318
0,024957
0,02426
0,0241
0,02357
0,023007
0,024458
0,025404
0,025679
0,028275
0,027987
0,0283
0,028907
0,029854
0,03165
0,032916
0,032967
0,03321
0,033894
0,035262
0,034674
0,033478
0,033427
0,032781
0,032302
0,030729
0,029943
0,029534
0,026868
0,027444
0,025059
0,021492
0,020712
0,018897
0,015016
0,017279
0,015189
0,014965
0,013687
0,013699
0,012101
0,009218
0,010995
0,009014
0,0098
0,006942
0,005664
0,006661
0,006156
0,001489
-0,002161
-0,002851
-0,003791
-0,001547
-0,003094
-0,00606
-0,007243
-0,012466
-0,010196
-0,011788
-0,013782
-0,01104
-0,014537
-0,017407
-0,01664
-0,017561
-0,019907
-0,018871
-0,020949
-0,022694
-0,022905
-0,025743
-0,025826
-0,026549
-0,026254
-0,025647
-0,024541
-0,024509
-0,024043
-0,022969
-0,022349
-0,022604
-0,022297
-0,023781
-0,02371
-0,025596
-0,023589
-0,024081
-0,024605
-0,025654
-0,024439
-0,026261
-0,026203
-0,026855
-0,027233
-0,027444
-0,027431
-0,026159
-0,026664
-0,02628
-0,026823
-0,025443
-0,02635
-0,023896
-0,024886
-0,024861
-0,023685
-0,022285
-0,023608
-0,022035
-0,020693
-0,021684
-0,021038
-0,019824
-0,018034
-0,017944
-0,015547
-0,012888
-0,01159
-0,010094
-0,009135
-0,005504
-0,003068
0,00023
0,001707
0,00241
0,004769
0,006444
0,009173
0,0112
0,014722
0,014326
0,0157
0,017797
0,01898
0,021626
0,024017
0,02598
0,028888
0,030991
0,032615
0,034859
0,036355
0,037218
0,040459
0,040542
0,04354
0,045432
0,046295
0,047171
0,048156
0,05139
0,051991
0,054491
0,053033
0,053532
0,055092
0,057176
0,056856
0,054906
0,058978
0,058186
0,056319
0,057757
0,056626
0,055942
0,057757
0,054651
0,053807
0,052797
0,053116
0,051147
0,050227
0,050546
0,048878
0,049677
0,049415
0,04781
0,046743
0,044525
0,045752
0,042875
0,041603
0,039788
0,038816
0,037103
0,033197
0,030135
0,029042
0,027827
0,024113
0,021275
0,019766
0,016915
0,01634
0,013009
0,011705
0,009557
0,008477
0,005536
0,003765
0,001675
-0,000237
-0,001771
-0,004283
-0,005862
-0,005325
-0,011967
-0,012108
-0,012005
-0,012012
-0,011341
-0,012133
-0,011225
-0,010669
-0,008803
-0,009141
-0,009774
-0,009602
-0,012491
-0,016365
-0,017011
-0,019133
-0,021575
-0,024931
-0,025328
-0,02651
-0,028422
-0,030314
-0,030116
-0,030429
-0,029515
-0,029291
-0,028556
-0,027143
-0,027086
-0,029432
-0,028121
-0,028211
-0,029585
-0,031119
-0,032315
-0,033894
-0,036975
-0,036994
-0,038854
-0,039839
-0,040421
-0,039845
-0,041341
-0,040261
-0,038701
-0,037921
-0,038931
-0,03927
-0,038228
-0,038087
-0,038771
-0,03879
-0,039852
-0,041929
-0,042166
-0,043361
-0,042946
-0,043387
-0,045567
-0,045253
-0,04471
-0,044589
-0,046161
-0,042773
-0,043956
-0,041207
-0,041367
-0,038196
-0,036655
-0,035645
-0,032494
-0,032916
-0,032884
-0,033261
-0,030486
-0,028051
-0,02878
-0,026044
-0,026107
-0,025117
-0,022496
-0,021888
-0,017171
-0,01462
-0,01368
-0,009589
-0,009864
-0,007294
-0,005344
-0,005472
-0,003855
-0,0014
-0,002378
-0,002902
-0,002282
-0,003024
-0,001963
-0,000518
-0,0011
0,000428
0,001739
0,004027
0,004059
0,007825
0,009864
0,012747
0,013437
0,014467
0,014824
0,014
0,0143
0,012817
0,012753
0,013309
0,013514
0,012197
0,013098
0,012779
0,014262
0,014888
0,015956
0,017938
0,018392
0,022074
0,021505
0,022713
0,024055
0,024567
0,024305
0,026133
0,024989
0,02394
0,025948
0,025002
0,024183
0,023576
0,022694
0,023538
0,022489
0,02394
0,023097
0,025289
0,024644
0,028057
0,028588
0,029604
0,030218
0,030128
0,031183
0,028006
0,028907
0,027111
0,027149
0,026657
0,023876
0,024925
0,0224
0,023672
0,020066
0,021
0,021115
0,018916
0,021019
0,022074
0,021351
0,022342
0,023755
0,023589
0,02155
0,021051
0,020162
0,018551
0,015106
0,012881
0,009615
0,008189
0,004347
0,004347
0,001643
-3,8E-05
-2,6E-05
-0,001592
-0,001163
-0,000185
0,001809
0,0014
0,002647
0,002301
0,00133
0,000754
0,002001
-0,000147
-0,001215
-0,004711
-0,004737
-0,005331
-0,008202
-0,010081
-0,009544
-0,00925
-0,011232
-0,010561
-0,008547
-0,008547
-0,009646
-0,009544
-0,008956
-0,006981
-0,008413
-0,010062
-0,009512
-0,010535
-0,010599
-0,013015
-0,014281
-0,014582
-0,016052
-0,017113
-0,019203
-0,017637
-0,017867
-0,017797
-0,017004
-0,018794
-0,019248
-0,018877
-0,018813
-0,01921
-0,016519
-0,016461
-0,01648
-0,015387
-0,015432
-0,015553
-0,01772
-0,016173
-0,017036
-0,017011
-0,016122
-0,017624
-0,015374
-0,01478
-0,01446
-0,012383
-0,011877
-0,010644
-0,010714
-0,009429
-0,009838
-0,008368
-0,007908
-0,006949
-0,00622
-0,0042
-0,004257
-0,005089
-0,002563
-0,001828
-3,8E-05
-0,000396
0,001349
5,1E-05
0,003516
0,002116
0,003535
0,005287
0,005057
0,0059
0,005741
0,00684
0,007537
0,0098
0,009461
0,011769
0,011571
0,015221
0,013476
0,015176
0,01377
0,013904
0,013782
0,0115
0,011711
0,014396
0,013623
0,013712
0,01407
0,012082
0,01453
0,015796
0,013412
0,013597
0,015381
0,016435
0,016372
0,016493
0,017458
0,018558
0,014709
0,014192
0,011916
0,010369
0,011136
0,007224
0,00934
0,008822
0,004635
0,005012
0,003714
0,006399
0,008036
0,008087
0,01081
0,009563
0,009052
0,008502
0,010944
0,011174
0,010343
0,010835
0,009666
0,00895
0,009602
0,006565
0,007096
0,003906
0,003919
0,002352
-0,000249
0,000345
-7E-05
-0,001771
-8,9E-05
-0,001892
-0,002653
-0,005472
-0,004379
-0,004366
-0,004858
-0,005146
-0,006207
-0,007492
-0,007614
-0,006757
-0,00872
-0,01136
-0,012229
-0,011986
-0,012357
-0,012223
-0,013508
-0,015138
-0,015553
-0,015381
-0,015822
-0,015451
-0,014607
-0,016806
-0,017075
-0,016435
-0,017433
-0,016614
-0,017669
-0,017771
-0,01781
-0,018801
-0,020795
-0,019184
-0,022125
-0,02052
-0,020175
-0,021217
-0,021045
-0,019108
-0,018219
-0,019536
-0,018705
-0,018238
-0,017126
-0,017445
-0,01632
-0,015425
-0,014895
-0,014518
-0,01354
-0,014051
-0,0115
-0,01074
-0,00987
-0,008183
-0,006763
-0,006974
-0,007703
-0,008994
-0,007096
-0,007735
-0,007761
-0,006399
-0,006162
-0,00856
-0,006642
-0,006917
-0,006968
-0,008304
-0,007882
-0,005108
-0,005977
-0,00537
-0,00576
-0,004865
-0,002627
-0,00147
-0,004098
0,001458
-0,002436
-0,001247
-0,001215
-0,002634
-0,000416
-0,002953
