0,003484
0,00248
0,002404
0,001234
0,002634
-0,000147
0,000384
-0,001215
-0,002819
-0,004922
-0,005395
-0,009129
-0,011219
-0,015221
-0,017848
-0,021908
-0,02667
-0,031739
-0,038151
-0,04898
-0,054459
-0,058953
-0,064035
-0,06571
-0,064182
-0,063939
-0,067608
-0,06982
-0,073713
-0,078642
-0,079831
-0,079121
-0,072786
-0,062207
-0,050706
-0,037346
-0,01944
-0,005037
0,015508
0,024739
0,039871
0,052586
0,067148
0,081436
0,094266
0,102192
0,108854
0,114249
0,119357
0,124886
0,1286
0,130167
0,130627
0,128511
0,126401
0,123851
0,120105
0,117496
0,109339
0,103324
0,093824
0,081026
0,062622
0,04976
0,024362
0,007901
-0,013297
-0,03142
-0,041533
-0,045937
-0,050764
-0,051793
-0,046858
-0,039238
-0,031273
-0,01951
-0,013175
-0,003676
-0,006092
-0,008004
-0,017855
-0,030812
-0,046059
-0,058339
-0,068369
-0,082209
-0,086857
-0,096548
-0,10156
-0,106098
-0,107984
-0,111596
-0,110938
-0,110682
-0,104507
-0,098498
-0,090539
-0,081333
-0,076008
-0,065032
-0,052266
-0,047702
-0,034865
-0,02752
-0,018609
-0,01065
-0,000991
0,005268
0,010656
0,015112
0,027738
0,033395
0,040759
0,044627
0,049703
0,050674
0,048207
0,045343
0,044384
0,038164
0,035562
0,028153
0,02839
0,030096
0,03126
0,036336
0,042824
0,048929
0,055814
0,06126
0,067378
0,072243
0,077888
0,081525
0,0807
0,078572
0,072147
0,065902
0,055686
0,048891
0,036892
0,026708
0,013437
0,003113
-0,010509
-0,013802
-0,019325
-0,022349
-0,025884
-0,027718
-0,025334
-0,02598
-0,024177
-0,023844
-0,02472
-0,02481
-0,027712
-0,030806
-0,039628
-0,04223
-0,0465
-0,052835
-0,057604
-0,06252
-0,065307
-0,065838
-0,067116
-0,064808
-0,062207
-0,059477
-0,054363
-0,049441
-0,043578
-0,039941
-0,034463
-0,029208
-0,026715
-0,024925
-0,023685
-0,021089
-0,019044
-0,019382
-0,017803
-0,015994
-0,014914
-0,012402
-0,010535
-0,006904
-0,001924
0,003893
0,011443
0,016538
0,021594
0,030339
0,035754
0,041322
0,043962
0,05024
0,052023
0,056607
0,06025
0,060973
0,062245
0,060653
0,061292
0,060039
0,061663
0,061631
0,060896
0,061292
0,059758
0,057661
0,056274
0,056204
0,053928
0,051077
0,050163
0,04806
0,043457
0,038982
0,036342
0,033331
0,028326
0,026312
0,020897
0,017925
0,011392
0,00831
0,002973
-0,001975
-0,005248
-0,00792
-0,0129
-0,016487
-0,020802
-0,022655
-0,02706
-0,028754
-0,029879
-0,031982
-0,035102
-0,036534
-0,037148
-0,037154
-0,039609
-0,040421
-0,041725
-0,042722
-0,043655
-0,047062
-0,045177
-0,047241
-0,047178
-0,047868
-0,0465
-0,044493
-0,041789
-0,037499
-0,037167
-0,03211
-0,030812
-0,027328
-0,023806
-0,020297
-0,016474
-0,012926
-0,011468
-0,008246
-0,00411
-0,000997
0,002231
0,003388
0,005421
0,010183
0,011903
0,013284
0,016295
0,018251
0,019427
0,022425
0,02419
0,024612
0,024247
0,025046
0,025852
0,024394
0,024497
0,026056
0,024938
0,024855
0,02426
0,022713
0,020354
0,01935
0,018673
0,017931
0,013552
0,01315
0,013418
0,008758
0,007722
0,00677
0,00638
0,002787
0,003005
0,000492
0,000153
-0,002768
-0,003158
-0,006099
-0,00631
-0,008477
-0,013309
-0,014224
-0,018481
-0,018909
-0,024477
-0,025718
-0,026459
-0,028032
-0,029176
-0,029905
-0,027833
-0,026875
-0,02814
-0,02511
-0,022988
-0,022278
-0,021939
-0,018999
-0,014888
-0,011846
-0,01267
-0,007364
-0,00567
-0,004526
-0,000716
-0,000345
0,000895
0,002231
0,003049
0,007857
0,006182
0,008285
0,010842
0,011641
0,011341
0,011999
0,014351
0,014741
0,017004
0,01765
0,017893
0,019485
0,022496
0,023129
0,022911
0,023589
0,020687
0,017298
0,018519
0,015969
0,013961
0,010548
0,008093
0,004609
0,005472
0,002282
-0,000211
-0,002525
-0,003938
-0,004903
-0,004833
-0,006265
-0,005261
-0,008036
-0,00918
-0,006668
-0,009883
-0,010036
-0,01035
-0,011794
-0,0143
-0,015425
-0,013667
-0,015739
-0,015342
-0,014057
-0,013757
-0,013655
-0,013463
-0,011833
-0,009538
-0,00893
-0,006169
-0,005197
-0,002308
-0,003855
-0,001272
0,001336
0,001509
0,003682
0,005325
0,007006
0,007467
0,009257
0,010369
0,011193
0,013827
0,014281
0,014038
0,016666
0,016071
0,014626
0,01625
0,017682
0,019005
0,01758
0,018571
0,018085
0,016787
0,017573
0,015023
0,014185
0,012287
0,011769
0,010804
0,008515
0,007204
0,005894
0,005945
0,004839
0,004168
0,003669
0,0045
0,004628
0,003126
0,000857
0,001131
0,002902
0,003784
0,002832
0,001809
0,000556
-0,000505
-0,000671
-0,000243
-0,001732
-0,002915
-0,001605
-0,00225
-0,004008
-0,003573
-0,001566
-0,00349
-0,002039
-0,001406
-0,001688
0,000882
0,002557
0,003983
0,005389
0,003944
0,007869
0,005836
0,008419
0,00918
0,00831
0,009691
0,008496
0,008604
0,007614
0,006648
0,007773
0,008496
0,007984
0,006693
0,010279
0,008598
0,009608
0,009429
0,010503
0,010989
0,007812
0,008515
0,005459
0,003433
0,005236
0,004462
0,000844
-0,002602
-0,001777
-0,005715
-0,006904
-0,009762
-0,009902
-0,010446
-0,010656
-0,00932
-0,011884
-0,012178
-0,009921
-0,00824
-0,008502
-0,007479
-0,006092
-0,004552
-0,005204
-0,006655
-0,003695
-0,006725
-0,006418
-0,006278
-0,005689
-0,006373
-0,007025
-0,006853
-0,007243
-0,007128
-0,00801
-0,007441
-0,007428
-0,006182
-0,004628
-0,003855
-0,005037
-0,004245
-0,004411
-0,006405
-0,003868
-0,005741
-0,006482
-0,006968
-0,005325
-0,005306
-0,004027
-0,005172
-0,005178
-0,006501
-0,002909
-0,003196
-0,002973
-0,00117
-0,000403
0,000997
0,000671
0,001029
0,003855
0,002046
0,002237
0,00133
0,002557
0,002231
0,002429
0,002877
0,002979
0,004321
0,003938
0,005606
0,002436
0,003727
0,003912
0,004615
0,003816
0,004002
0,004117
0,004545
0,002474
0,003765
0,004673
0,004782
0,004283
0,005983
0,004756
0,007313
0,005025
0,00762
0,00723
0,006393
0,007818
0,007173
0,008336
0,006367
0,00755
0,006495
0,003657
0,005849
0,005274
0,004034
0,001368
0,002557
-0,0003
-0,001163
3,2E-05
0,000563
-0,002397
-0,001547
-0,001419
-0,001496
-0,001163
-0,001943
-0,0031
-0,002142
-0,00312
-0,004967
-0,00404
-0,001464
-0,0031
-0,003401
-0,003561
-0,002934
-0,002474
-0,003561
-0,000326
-0,002551
-0,002167
0,001349
0,002461
8,3E-05
0,002001
0,003024
0,00131
0,002858
0,000447
0,001291
-0,00069
3,8E-05
-0,000435
-0,003561
-0,002289
-0,003912
-0,003439
-0,002007
-0,003759
-0,00544
-0,003542
-0,005581
-0,004398
-0,003804
-0,006527
-0,004628
-0,007121
-0,009519
-0,006846
-0,006591
-0,00693
-0,007812
-0,009237
-0,009263
-0,008962
-0,010644
-0,008803
-0,008438
-0,00778
-0,007863
-0,007441
-0,007524
-0,006341
-0,007032
-0,009263
-0,010171
-0,011456
-0,009282
-0,012613
-0,013137
-0,01212
-0,014722
-0,014153
-0,015361
-0,015361
-0,014716
-0,013309
-0,01088
-0,00934
-0,010778
-0,007812
-0,004123
-0,004833
-0,002384
-0,000486
0,000722
0,003772
0,004571
0,003727
0,007364
0,007601
0,006361
0,005498
0,005562
0,003963
0,005127
0,001994
0,002595
0,000652
-0,001055
-0,00218
-0,002806
-0,004328
-0,005089
-0,007383
-0,006341
-0,007288
-0,008892
-0,006789
-0,007038
-0,005587
-0,006444
-0,001809
-0,002058
-0,000754
-0,002001
0,001285
-0,000268
0,001918
0,001426
0,001406
-0,000492
-0,000115
-0,001509
-0,002327
-0,002378
-0,001566
-0,004366
-0,003145
-0,003305
-0,003446
-0,000984
-0,000243
-0,000716
0,000626
0,00512
0,006284
0,00801
0,009141
0,011398
0,01322
0,013316
0,014396
0,016129
0,016346
0,016544
0,01804
0,018245
0,01788
0,018046
0,01905
0,01765
0,016097
0,014172
0,013098
0,013054
0,011545
0,00971
0,010362
0,010075
0,009653
0,007652
0,007614
0,006572
0,005574
0,006354
0,004833
0,008592
0,007524
0,007281
0,008042
0,007895
0,008835
0,008502
0,008988
0,008413
0,007396
0,008707
0,007518
0,006942
0,007
0,007575
0,00817
0,00622
0,006188
0,006527
0,008099
0,008515
0,007307
0,007531
0,007179
0,006527
0,006815
0,007352
0,007716
0,006508
0,006405
0,004462
0,007799
0,006744
0,004954
0,006278
0,006207
0,008342
0,008483
0,009966
0,006725
0,009103
0,009244
0,008183
0,007358
0,008764
0,009173
0,008809
0,006092
0,006354
0,005657
0,003912
0,000997
0,002282
-0,000953
-0,002723
0,000217
-0,003695
-0,004456
-0,004654
-0,005728
-0,008042
-0,006955
-0,008099
-0,007518
-0,005472
-0,0056
-0,006757
-0,006655
-0,008592
-0,008029
-0,007332
-0,007134
-0,006527
-0,007096
-0,009621
-0,009135
-0,008266
-0,009218
-0,008349
-0,006974
-0,005504
-0,005312
-0,004839
-0,004149
-0,005159
-0,003401
-0,003049
-0,003497
-0,001841
-0,001796
-0,001227
-0,002161
-3,2E-05
-0,000563
7,7E-05
0,001963
0,001381
0,001592
0,004194
0,004775
0,004788
0,005849
0,006246
0,004475
0,005357
0,004564
0,006437
0,006731
0,006367
0,005651
0,006239
0,004826
0,005223
0,001643
0,002781
0,002321
0,003906
0,002436
0,00273
0,001349
0,002723
0,002826
0,002333
0,004456
0,004839
0,005932
0,005472
0,005127
0,006968
0,006866
0,006035
0,006047
0,00466
0,005773
0,004782
0,004539
0,0025
0,004206
0,003426
0,004897
0,007946
0,005478
0,008541
0,011123
0,010791
0,013904
0,013367
0,015157
0,015023
0,013495
0,013508
0,013418
0,013552
0,013137
0,011021
0,010957
0,009429
0,00778
0,008988
0,007511
0,006297
0,00491
0,007952
0,008202
0,006674
0,008975
0,006891
0,005491
0,005434
0,003663
0,00388
0,004545
0,003446
0,004091
0,00654
0,004967
0,003791
0,005638
0,005236
0,004289
0,001451
0,000876
0,002186
0,000863
0,000179
-0,002052
0,001784
0,001732
0,000332
0,000754
0,001163
0,001279
0,002659
0,003126
0,002225
0,005868
0,004162
0,005408
0,006015
0,006278
0,004321
-0,000275
-0,000121
-0,00108
-0,000901
-0,000805
0,000256
0,000953
0,002327
0,00234
0,003874
0,002001
0,006815
0,006341
0,005063
0,005632
0,007141
0,006533
0,004002
0,003951
0,003772
0,003011
0,000345
0,000473
0,000563
-0,000339
-0,003215
-0,005172
-0,003868
-0,004539
-0,004545
-0,007102
-0,007102
-0,007173
-0,009563
-0,009193
-0,010701
-0,011609
-0,011372
-0,012804
-0,012127
-0,016269
-0,012568
-0,014262
-0,015624
-0,016288
-0,01455
-0,016173
-0,01726
-0,016742
-0,015892
-0,016896
-0,013373
-0,012498
-0,012095
-0,009135
-0,008432
-0,005331
-0,004417
-0,004289
-0,004852
-0,004609
-0,006105
-0,004852
-0,007166
-0,008087
-0,009998
-0,009467
-0,010145
-0,006629
-0,006348
-0,004123
0,000115
-0,001112
0,000933
0,002941
0,005197
0,007364
0,00808
0,007371
0,006693
0,007051
0,002365
0,000332
-0,003184
-0,006015
-0,00668
-0,007435
-0,008259
-0,008547
-0,007876
-0,00817
-0,0059
-0,006469
-0,002647
-0,001668
-0,00147
0,003241
0,003906
0,004213
0,006565
0,004737
0,005216
0,005491
0,006118
0,005491
0,005824
0,005677
0,003976
0,006303
0,00631
0,005351
0,006373
0,006923
0,007767
0,008457
0,009819
0,009237
0,010682
0,012536
0,012677
0,012932
0,01414
0,014805
0,012638
0,012299
0,010401
0,010497
0,007332
0,005645
0,004507
0,000499
-0,000601
-0,001189
-0,001911
-0,003126
-0,003222
-0,001336
0,000748
-0,000742
0,001483
0,003439
0,003318
0,001304
0,003791
0,004954
0,002493
0,002896
0,001585
0,00202
0,001176
0,001694
0,001892
0,001176
0,004392
0,002679
0,007467
0,008394
0,007243
0,01237
0,011468
0,012523
0,01228
0,012817
0,012856
0,011641
0,007812
0,008362
0,006923
0,003676
0,002659
0,001304
0,000396
0,0003
0,001266
0,002231
0,004654
0,006386
0,005888
0,008566
0,009832
0,0098
0,009078
0,007415
0,009985
0,007518
0,004155
0,003484
0,001975
-0,000831
-0,000607
-8,9E-05
-0,001048
-0,00071
-0,001969
0,000198
0,000895
0,000217
0,000492
0,001822
0,003573
0,001496
0,003132
-0,000978
-0,002384
-0,001707
-0,003465
-0,003791
-0,004302
-0,0059
-0,004417
-0,004424
-0,005152
-0,005133
-0,004507
-0,006131
-0,007582
-0,00521
-0,007217
-0,005255
-0,007064
-0,007185
-0,008355
-0,007665
-0,008099
-0,009966
-0,011404
-0,011615
-0,010791
-0,010976
-0,011494
-0,010407
-0,011059
-0,01019
-0,011353
-0,00785
-0,007729
-0,008534
-0,006981
-0,007511
-0,00521
-0,003791
-0,005082
-0,003765
-0,002634
-0,000473
-0,00303
-0,000505
-0,003388
0,000141
0,000914
-0,001413
0,002295
0,000793
0,001918
0,000601
0,003363
0,001502
0,000294
0,000761
0,001195
0,001617
0,001841
0,001259
0,000933
-0,001477
-0,000965
-0,001637
-0,002704
-0,00234
-0,00319
-0,005127
-0,005498
-0,006431
-0,006194
-0,006815
-0,004814
-0,003465
-0,004641
-0,003331
-0,002122
-0,001809
-0,00071
0,001112
0,001924
0,002998
0,00491
0,006041
0,0087
0,007767
0,009225
0,010024
0,009519
0,00824
0,009621
0,008854
0,00792
0,006073
0,00537
0,002832
0,003126
0,001854
0,001016
-0,000831
0,000224
-0,000192
-0,000588
0,000352
0,0025
0,002423
0,001841
0,005319
0,006866
0,00707
0,00404
0,006252
0,003676
0,004309
0,004015
0,002717
0,001496
-0,001707
-0,000646
-0,001784
-0,003484
-0,002346
-0,004692
-0,005152
-0,005734
-0,003599
-0,000671
-0,002928
-0,003164
0,000844
-0,00085
-0,000658
0,000639
-0,002544
-0,001911
-0,000633
-0,003171
-0,00459
-0,003452
-0,00498
-0,005747
-0,003152
-0,004174
-0,005223
-0,004584
-0,00365
-0,00475
-0,003784
-0,006597
-0,004871
-0,006508
-0,006463
-0,01042
-0,008278
-0,010043
-0,011647
-0,009985
-0,012095
-0,012216
-0,009244
-0,010497
-0,009429
-0,008662
-0,009557
-0,008745
-0,007192
-0,00592
-0,004494
-0,003631
-0,004008
-0,005657
-0,006808
-0,007703
-0,006386
-0,006859
-0,007326
-0,006009
-0,007748
-0,006815
-0,009474
-0,009129
-0,006246
-0,004686
-0,005044
