0,028148
0,037187
0,044298
0,04462
0,059176
0,060397
0,068074
0,069913
0,081074
0,08164
0,087323
0,089599
0,100401
0,098421
0,102111
0,107512
0,107229
0,111382
0,115047
0,115574
0,115047
0,115574
0,115831
0,113221
0,11479
0,115047
0,111382
0,112694
0,114005
0,110598
0,108373
0,105814
0,105236
0,102973
0,100979
0,100979
0,099552
0,096427
0,093869
0,094151
0,085909
0,087041
0,077885
0,074825
0,063779
0,05519
0,052116
0,047513
0,037843
0,036223
0,030732
0,026206
0,015212
0,0139
0,007972
0,005671
0,00369
-0,000592
-0,009155
-0,0085
-0,013772
-0,018054
-0,016073
-0,016408
-0,019031
-0,020677
-0,018054
-0,021667
-0,017385
-0,016073
-0,012782
-0,010467
-0,007175
-0,006185
-0,004205
-0,002237
-0,006841
-0,004873
-0,00949
-0,010146
-0,013437
-0,014762
-0,017385
-0,025615
-0,029228
-0,029228
-0,034821
-0,036802
-0,040415
-0,041405
-0,047642
-0,047963
-0,055923
-0,058147
-0,063239
-0,061645
-0,069604
-0,065785
-0,069283
-0,070556
-0,073745
-0,07215
-0,078515
-0,077564
-0,078515
-0,077564
-0,07912
-0,077564
-0,076921
-0,077564
-0,076921
-0,075018
-0,070877
-0,068653
-0,066737
-0,066107
-0,064191
-0,062288
-0,056553
-0,058777
-0,053376
-0,047963
-0,044697
-0,042395
-0,036802
-0,030874
-0,024303
-0,024959
-0,014427
-0,013437
-0,008165
-0,010146
-0,003228
0,000733
0,004681
0,003369
0,014556
0,017488
0,020715
0,020072
0,022336
0,020072
0,025885
0,024599
0,026862
0,029112
0,030411
0,031375
0,03558
0,032674
0,034937
0,036544
0,040749
0,037522
0,035259
0,037187
0,037843
0,037843
0,037522
0,034937
0,036866
0,03558
0,035902
0,033638
0,038165
0,036223
0,039129
0,037843
0,040749
0,039772
0,044941
0,045597
0,048439
0,052734
0,049969
0,053955
0,054264
0,058559
0,053955
0,055485
0,054881
0,05672
0,053647
0,055485
0,052116
0,054881
0,051499
0,050895
0,049043
0,04813
0,042691
0,043655
0,041392
0,040106
0,035902
0,032353
0,028791
0,023943
0,024599
0,018452
0,019751
0,015212
0,009618
0,008294
0,006326
0,001723
0,000399
-0,005864
-0,006841
-0,013437
-0,016729
-0,014762
-0,014762
-0,024624
-0,02528
-0,023634
-0,026605
-0,030218
-0,03351
-0,035477
-0,035811
-0,037457
-0,034821
-0,037123
-0,036146
-0,035811
-0,038769
-0,037123
-0,041739
-0,042061
-0,042061
-0,043051
-0,043385
-0,042717
-0,045018
-0,046664
-0,048272
-0,050818
-0,047963
-0,049545
-0,049236
-0,050188
-0,049236
-0,049866
-0,053055
-0,050188
-0,052091
-0,052412
-0,049866
-0,051139
-0,053376
-0,050188
-0,050818
-0,051461
-0,048272
-0,044041
-0,044363
-0,044041
-0,038448
-0,039438
-0,042061
-0,033175
-0,032854
-0,033175
-0,028906
-0,028906
-0,026605
-0,024624
-0,022001
-0,015739
-0,016073
-0,016729
-0,014093
-0,010146
-0,008821
-0,009155
-0,0085
-0,008165
-0,008165
-0,004873
-0,007175
-0,006841
-0,003549
-0,002237
-0,000257
0,002713
0,002713
0,002379
7,7E-05
0,002713
0,006005
0,006326
0,007972
0,009284
0,01192
0,0139
0,014556
0,011264
0,015212
0,017166
0,019108
0,020715
0,022979
0,019751
0,025885
0,023943
0,023943
0,02492
0,027183
0,027183
0,024277
0,027183
0,030089
0,027826
0,028791
0,030089
0,032018
0,026862
0,031697
0,032018
0,029768
0,033638
0,030411
0,029768
0,030089
0,030089
0,032995
0,032018
0,032353
0,028469
0,029768
0,028469
0,029112
0,031054
0,029112
0,029768
0,026862
0,030089
0,025242
0,026528
0,024599
0,024277
0,0233
0,020072
0,017809
0,01943
0,017809
0,021037
0,020394
0,018774
0,015546
0,0139
0,01093
0,0139
0,012254
0,012576
0,006982
0,012254
0,010274
0,01093
0,010274
0,010274
0,007972
0,007317
0,006648
0,006005
0,007638
0,005671
0,005336
0,006326
0,00369
0,007317
0,004025
0,006648
0,005015
0,006648
0,002045
0,004359
0,002379
0,004025
0,006326
0,004025
0,004025
0,002045
0,005015
0,002045
0,001389
0,003369
0,000733
-0,001569
0,003369
-0,000913
-0,001247
-0,002559
-0,001903
0,004359
-0,002237
-0,003883
-0,002893
-0,002559
-0,002893
-0,004205
-0,001903
-0,002559
-0,005195
-0,005195
-0,003228
-0,001247
-0,003883
-0,005529
-0,006185
-0,004873
-0,007175
-0,004873
-0,005864
-0,0085
-0,006185
-0,007509
-0,005864
-0,010146
-0,009155
-0,00949
-0,007831
-0,010801
-0,010146
-0,010467
-0,009155
-0,011457
-0,014427
-0,013103
-0,008821
-0,014427
-0,013437
-0,015083
-0,016408
-0,015418
-0,014762
-0,016408
-0,014093
-0,015083
-0,014762
-0,016408
-0,016073
-0,016729
-0,018375
-0,014427
-0,014762
-0,015083
-0,014427
-0,015418
-0,012447
-0,011791
-0,011457
-0,010467
-0,012126
-0,011791
-0,0085
-0,011136
-0,008821
-0,009155
-0,006519
-0,006841
-0,007175
-0,0085
-0,006185
-0,007175
-0,00949
-0,009811
-0,011457
-0,009811
-0,011457
-0,007509
-0,010146
-0,007509
-0,008821
-0,00949
-0,009155
-0,011457
-0,015083
-0,010467
-0,011136
-0,013103
-0,012447
-0,012447
-0,0085
-0,010801
-0,008821
-0,008821
-0,009155
-0,00949
-0,007175
-0,006185
-0,005195
-0,006185
-0,002559
-0,002237
-0,003228
-0,002559
-0,003883
0,000733
-0,003883
-0,004205
-0,002237
-0,000913
-0,002237
-0,001569
0,001067
-0,004539
-0,002559
-0,000913
-0,002559
-0,000913
-0,000913
-0,003228
-0,004539
-0,002559
-0,003228
-0,004205
-0,001569
-0,003228
-0,003549
-0,001569
-0,002237
-0,006519
-0,002893
-0,001569
-0,001247
-0,001247
-0,000257
-0,002893
-0,004539
-0,005529
-0,003549
-0,001569
-0,005529
-0,003228
7,7E-05
-0,006519
-0,004539
-0,005195
-0,003228
-0,007175
-0,005195
-0,001903
-0,002237
-0,005864
-0,006519
-0,005195
-0,008165
-0,004539
-0,003883
-0,000913
-0,006841
-0,002893
-0,004539
-0,004873
-0,001247
-0,005195
-0,002237
-0,000592
-0,000592
7,7E-05
-0,001569
-0,001903
-0,000257
0,001723
7,7E-05
-0,001569
0,000733
-0,003549
0,001723
0,001067
-0,002237
-0,003549
-0,000592
-0,002893
-0,003883
-0,003228
-0,003549
-0,002893
-0,003883
-0,004539
-0,003549
-0,002893
-0,001569
0,001723
0,000399
0,001389
0,003035
0,001389
0,002379
0,001389
0,005336
0,002379
0,00369
0,011264
0,009618
0,008963
0,012254
0,007972
0,01291
0,011264
0,015212
0,015868
0,015546
0,015868
0,017809
0,017488
0,021693
0,018452
0,01943
0,017488
0,017166
0,01943
0,022979
0,021358
0,020072
0,021037
0,021358
0,021693
0,020715
0,019751
0,021358
0,020394
0,020715
0,018131
0,017166
0,020715
0,018452
0,021693
0,022014
0,020715
0,021693
0,018774
0,019751
0,020394
0,022014
0,018774
0,020394
0,021037
0,016523
0,021358
0,020394
0,01943
0,018452
0,017488
0,015868
0,017166
0,0139
0,013244
0,015868
0,012254
0,012576
0,012576
0,010608
0,009284
0,008294
0,007638
0,007638
0,004025
0,005015
0,007317
0,002045
0,002379
0,000733
0,001723
0,001723
-0,003228
-0,002559
-0,005864
-0,004539
-0,005529
-0,004539
-0,001247
-0,006519
-0,007175
-0,008165
-0,008165
-0,006519
-0,006841
-0,004205
-0,007175
-0,008165
-0,008165
-0,004205
-0,004873
-0,0085
-0,005195
-0,007831
-0,009811
-0,007509
-0,005864
-0,006519
-0,006185
-0,007509
-0,004873
-0,007175
-0,005195
-0,003883
-0,005529
-0,001247
-0,000592
-0,004205
-0,002559
-0,005864
0,000733
0,001389
-0,000592
-0,000257
0,002379
0,001389
0,002045
0,002713
0,006005
0,006005
0,006982
0,009618
0,007972
0,005015
0,005671
0,009284
0,006648
0,010274
0,010274
0,008294
0,008628
0,01093
0,008628
0,008628
0,009618
0,007972
0,012254
0,008963
0,009618
0,012576
0,01192
0,007972
0,010608
0,015546
0,014556
0,01192
0,01291
0,01192
0,012576
0,0139
0,012576
0,011264
0,015212
0,011599
0,012576
0,012254
0,01192
0,007972
0,007317
0,008963
0,009618
0,007317
0,008628
0,01093
0,008628
0,008628
0,006005
0,005015
0,002379
0,002045
7,7E-05
-0,000592
0,005015
-0,001903
-0,001569
0,001723
-0,000592
-0,003228
-0,002893
-0,003549
-0,005529
-0,006185
-0,003228
-0,003549
-0,009155
-0,0085
-0,006841
-0,008165
-0,00949
-0,009155
-0,011136
-0,010467
-0,010801
-0,014762
-0,011791
-0,012782
-0,011791
-0,014762
-0,016073
-0,016073
-0,016408
-0,017385
-0,012447
-0,012782
-0,018054
-0,014427
-0,014093
-0,015739
-0,018709
-0,013772
-0,017064
-0,017719
-0,017719
-0,016073
-0,015418
-0,017064
-0,013772
-0,015083
-0,014427
-0,012782
-0,011457
-0,010146
-0,010801
-0,0085
-0,007831
-0,008165
-0,007509
-0,006185
-0,007831
-0,007175
-0,006185
-0,003549
-0,004539
0,000399
-0,004205
-0,003228
-0,002237
-0,000592
-0,003549
-0,000913
-0,002893
7,7E-05
7,7E-05
7,7E-05
0,003035
-0,000913
-0,000592
-0,000913
0,002045
0,001067
0,004025
0,004025
0,001389
0,005336
0,003035
0,003369
0,00369
0,006005
0,005671
0,009284
0,002713
0,008628
0,010274
0,009953
0,009953
0,012576
0,01291
0,012254
0,01291
0,016189
0,013566
0,0139
0,013566
0,016189
0,011264
0,016523
0,017488
0,013566
0,016523
0,015868
0,016523
0,01943
0,014222
0,015868
0,017809
0,01489
0,017488
0,018452
0,015868
0,015546
0,015546
0,01489
0,012576
0,014556
0,012254
0,009284
0,012576
0,012576
0,009953
0,01093
0,008628
0,006982
0,007638
0,009618
0,005336
0,006326
0,004025
0,001389
0,002713
0,003035
-0,001569
0,000733
0,000733
0,002045
0,000399
-0,002893
0,001067
-0,004205
-0,001247
-0,002237
-0,003228
-0,003228
-0,006185
-0,006841
-0,003228
-0,006841
-0,007509
-0,004873
-0,005529
-0,011457
-0,006841
-0,007175
-0,010146
-0,00949
-0,010801
-0,007831
-0,010467
-0,008165
-0,0085
-0,007831
-0,008821
-0,009155
-0,007509
-0,006519
-0,007831
-0,003549
-0,006841
-0,005529
-0,003883
-0,005195
-0,006185
-0,002893
-0,002237
-0,005195
-0,003883
-0,002893
-0,004205
-0,002893
-0,006841
-0,003228
-0,002893
-0,001903
-0,001569
-0,000913
0,000399
-0,000592
7,7E-05
-0,000257
0,003369
-0,000592
0,002713
0,004025
0,005671
0,00369
0,004359
0,008628
0,006005
0,004681
0,008294
0,005015
0,006005
0,007972
0,005336
0,006648
0,007972
0,005015
0,006982
0,009618
0,010608
0,009953
0,005336
0,008963
0,006326
0,007972
0,005015
0,009953
0,007317
0,007317
0,006648
0,008628
0,007972
0,008294
0,008294
0,009618
0,008294
0,00369
0,007972
0,004025
0,005671
0,002045
0,006005
0,002045
0,002379
7,7E-05
0,003035
0,001067
-0,001569
-0,001903
-0,002893
-0,002237
-0,003228
-0,003549
-0,004539
-0,002237
-0,007831
-0,005529
-0,003549
-0,007175
-0,007831
-0,005529
-0,007831
-0,007175
-0,0085
-0,006841
-0,007175
-0,0085
-0,00949
-0,00949
-0,010801
-0,007175
-0,00949
-0,008821
-0,007175
-0,006519
-0,0085
-0,008165
-0,005195
-0,003228
-0,005195
-0,001569
-0,001903
-0,001247
7,7E-05
0,002045
0,000399
0,003035
0,003035
0,001389
-0,001247
-0,004873
-0,005195
-0,006519
-0,008165
-0,009811
-0,015418
-0,016408
-0,020021
-0,022001
-0,024624
-0,024624
-0,025615
-0,023634
-0,024624
-0,020677
-0,015418
-0,014093
-0,012782
-0,013437
-0,009811
-0,011136
-0,007509
-0,005864
-0,008165
-0,005529
-0,006519
-0,005864
-0,005195
-0,004205
-0,005529
-0,001903
-0,000257
0,000399
-0,001903
-0,001247
-0,001247
-0,000592
-0,003549
7,7E-05
0,000399
-0,000257
-0,000592
0,000399
-0,003228
-0,003549
-0,003549
-0,002237
-0,005195
-0,002893
-0,002893
-0,002237
-0,004205
-0,001903
-0,002237
-0,003549
-0,002237
-0,004539
-0,001569
-0,000913
-0,002237
-0,000913
-0,001247
-0,001903
0,003035
0,002045
7,7E-05
0,002713
0,004359
0,008963
0,008963
0,01093
0,007972
0,01192
0,0139
0,008963
0,01489
0,01291
0,006982
0,010608
0,009284
0,009618
0,007972
0,007972
0,008294
0,006648
0,007638
0,010274
0,005671
0,006648
0,00369
0,008294
0,005671
0,006005
0,01093
0,008963
0,007972
0,011264
0,010608
0,01093
0,014222
0,01192
0,01489
0,010274
0,009953
0,012254
0,014556
0,015212
0,010274
0,013566
0,015546
0,009953
0,01291
0,010274
0,009618
0,008963
0,008963
0,010608
0,009618
0,005671
0,005336
0,004025
0,006326
0,004359
0,000733
0,002713
0,001723
7,7E-05
-0,000913
-0,006185
-0,003883
-0,001247
-0,005864
-0,004539
-0,007175
-0,006841
-0,006185
-0,005864
-0,008165
-0,007175
-0,009811
-0,010467
-0,011457
-0,0085
-0,013103
-0,010801
-0,012126
-0,012126
-0,008165
-0,013772
-0,013103
-0,011457
-0,012447
-0,011791
-0,013437
-0,014093
-0,012782
-0,012126
-0,015418
-0,010801
-0,012782
-0,015083
-0,011791
-0,014093
-0,017064
-0,013437
-0,016073
-0,014762
-0,016073
-0,015739
-0,011791
-0,013103
-0,012782
-0,011791
-0,016729
-0,011791
-0,014762
-0,015083
-0,014762
-0,010467
-0,009811
-0,006841
-0,009155
-0,010801
-0,007509
-0,006841
-0,0085
-0,003549
-0,004873
-0,007831
-0,007831
-0,003883
-0,006519
-0,006185
-0,002559
-0,003228
-0,003228
-0,003228
-0,002893
-0,002559
0,000399
-0,002237
-0,000913
-0,001247
-0,001569
-0,002237
0,000733
0,000399
7,7E-05
-0,001247
-0,000592
0,000399
0,002379
0,000733
0,001723
-0,000592
0,00369
0,002045
0,006982
0,003035
0,006982
0,009618
0,006648
0,008294
0,010608
0,011264
0,008294
0,010274
0,01093
0,012576
0,01291
0,013244
0,014222
0,013244
0,013566
0,013244
0,014222
0,012576
0,011599
0,0139
0,01489
0,012576
0,009284
0,011599
0,0139
0,011599
0,01192
0,008963
0,009618
0,010608
0,007317
0,009284
0,006326
0,006648
0,006982
0,004681
0,005671
0,006648
0,004681
0,002713
0,002713
0,002713
-0,001247
-0,000257
0,002045
0,000733
-0,000913
-0,002893
0,000733
-0,001247
-0,000913
-0,000257
-0,001247
0,002045
-0,004205
-0,001247
-0,001903
-0,001247
-0,000913
-0,004539
-0,003228
-0,005529
-0,004539
-0,005529
-0,007175
-0,006841
-0,007175
-0,0085
-0,007509
-0,007831
-0,008165
-0,008821
-0,005529
-0,003549
-0,009811
-0,008165
-0,0085
-0,0085
-0,007175
-0,006841
-0,009155
-0,007509
-0,008165
-0,0085
-0,009811
-0,013103
-0,011136
-0,0085
-0,007509
-0,008165
-0,006519
-0,005529
-0,006519
-0,005529
-0,006185
-0,006519
-0,004873
-0,000257
-0,005864
-0,004205
-0,003549
-0,003883
-0,001569
-0,000913
-0,000913
0,001389
-0,002237
0,001067
0,002379
0,000733
0,002713
0,001389
0,001389
0,004681
0,004359
0,005671
0,005336
0,006326
0,010608
0,008628
0,007638
0,007972
0,007317
0,012576
0,011264
0,009618
0,009953
0,013566
0,008628
0,010608
0,012254
0,013566
0,012254
0,013244
0,014222
0,015546
0,015868
0,016523
0,014556
0,015546
0,014556
0,013566
0,015868
0,017488
0,012576
0,015868
0,017809
0,01489
0,013244
0,017166
0,014556
0,015212
0,012576
0,015868
0,01192
0,01192
0,012254
0,011599
0,01192
0,01093
0,013244
0,013244
0,009953
0,009284
0,007638
0,011264
0,006648
0,004025
0,004681
0,010274
0,006005
0,006326
-0,000257
0,004681
0,002045
0,004025
0,005671
0,005336
0,004359
0,002713
0,005015
0,002379
0,002379
0,002379
-0,001247
0,003035
-0,000592
0,000733
0,003369
-0,002237
-0,000913
-0,002893
-0,001903
7,7E-05
-0,003549
-0,003883
-0,000257
-0,001569
-0,003228
-0,001569
-0,001247
-0,002559
-0,001903
-0,005529
-0,004205
-0,004539
-0,006185
-0,007175
-0,006519
-0,007175
-0,004873
-0,005529
-0,007175
-0,006519
-0,005864
-0,006519
-0,007831
-0,006841
-0,011136
-0,005529
-0,001903
-0,007175
-0,009155
-0,005864
-0,011791
-0,004539
-0,006841
-0,007175
-0,006185
-0,006841
-0,00949
-0,007175
-0,010146
-0,006841
-0,006519
-0,006841
-0,007831
-0,010801
-0,006841
-0,006519
-0,005195
-0,005864
-0,002559
-0,004205
-0,007509
-0,003228
-0,001903
-0,003228
-0,003549
-0,002893
0,000733
-0,001903
0,000733
-0,001903
-0,001247
-0,000257
-0,000257
0,003035
0,004025
0,004359
0,004681
0,007638
0,006648
0,006982
0,006326
0,005336
0,011264
0,005015
0,006982
0,006005
0,004359
0,005671
0,006648
0,005336
0,005671
0,011264
0,007638
0,007638
0,009618
0,009953
0,008628
0,009618
0,007972
0,006005
0,008628
0,004681
0,006982
0,006005
0,008963
0,005015
0,007972
0,007972
0,006648
0,007638
0,008294
0,009953
0,008628
0,007972
0,008294
0,008963
0,01093
0,009953
0,009953
0,009284
0,008294
0,007638
0,009953
0,008628
0,008294
0,012254
0,007638
0,008294
0,01093
0,01093
0,009284
0,008628
0,009284
0,009284
0,012576
0,006648
0,006982
0,008294
0,005671
0,007638
0,00369
0,005336
0,003369
0,002379
0,004025
0,004025
0,004681
0,002379
0,003035
0,003369
0,002379
0,003369
0,005671
0,005336
0,005015
0,004025
0,002379
0,00369
0,001723
0,000733
7,7E-05
0,002045
-0,001247
0,001723
0,003369
0,000399
0,001067
0,002379
0,00369
0,005336
0,004025
0,004359
0,003035
0,003035
0,00369
-0,000592
0,001723
0,004359
0,000399
0,002713
0,003035
0,002045
0,002045
7,7E-05
0,002045
-0,000257
-0,000592
-0,001569
-0,001247
-0,000592
0,000399
0,001389
0,000399
-0,000592
7,7E-05
0,000733
-0,000913
-0,000913
-0,002559
-0,001247
-0,001903
-0,002237
0,00369
-0,001247
-0,004205
-0,000913
0,001389
-0,001247
-0,002893
-0,000592
0,001067
-0,001247
-0,000257
0,002713
-0,000592
-0,000913
0,001067
0,002045
0,000399
0,004025
-0,000257
-0,003228
-0,002559
0,000733
7,7E-05
7,7E-05
-0,000913
0,001389
-0,000592
0,002045
0,001723
-0,001903
-0,001569
0,000399
0,002379
0,000399
0,003035
-0,002559
0,001389
-0,000257
-0,000257
-0,002237
0,001067
-0,002559
7,7E-05
-0,001569
-0,004539
-0,002893
-0,003549
-0,001569
-0,003228
-0,000592
-0,004205
-0,000592
0,001723
0,000399
-0,001247
0,001389
0,003035
0,001723
0,000399
0,002379
0,001389
0,005336
0,002045
7,7E-05
0,004025
0,003035
0,001723
-0,001247
-0,000257
0,002379
-0,001569
-0,000257
-0,000257
-0,000257
-0,002559
-0,001569
0,000733
-0,000913
-0,001569
-0,000913
-0,000257
-0,002559
-0,001903
7,7E-05
-0,002237
-0,000592
-0,002559
-0,003228
-0,001569
-0,005529
-0,003883
-0,004205
-0,004205
-0,003228
-0,004205
-0,003228
-0,001569
-0,002559
-0,002559
-0,001247
-0,004873
-0,002893
-0,004205
-0,005195
-0,002559
-0,003228
-0,006841
-0,006841
-0,005864
-0,005195
-0,005529
-0,009811
-0,012447
-0,005864
-0,006841
-0,008821
-0,010467
-0,010801
-0,00949
-0,008821
-0,008165
-0,012447
-0,011136
-0,010146
-0,012126
-0,012126
-0,009811
-0,013437
-0,015083
-0,012126
-0,011791
-0,010146
-0,010801
-0,013772
-0,012126
-0,011457
-0,011136
-0,011136
-0,014762
-0,010801
-0,007831
-0,010146
-0,0085
-0,008165
-0,010467
-0,011136
-0,007831
-0,010801
-0,007509
-0,010146
-0,007509
-0,005864
-0,007175
-0,010146
-0,008165
-0,008165
-0,010801
-0,0085
-0,010146
-0,007509
-0,010467
-0,009155
-0,009155
-0,008165
-0,007175
-0,007509
-0,005864
-0,007509
-0,006519
-0,004539
-0,006519
-0,004205
-0,007831
-0,006519
-0,005529
-0,004873
-0,004205
-0,004539
-0,003228
-0,004205
-0,001569
-0,002559
-0,003228
0,001067
-0,000913
-0,001903
0,002045
0,001067
-0,001903
0,000733
-0,001903
-0,000592
-0,002893
7,7E-05
-0,000592
-0,000592
0,000399
7,7E-05
0,002379
-0,000257
7,7E-05
-0,001903
-0,000592
0,002713
0,002713
0,005671
0,006005
0,006648
0,003035
0,004025
0,003369
0,007638
0,004025
0,005671
0,009618
0,005015
0,006648
0,004025
0,007972
0,008628
0,010274
0,008628
0,009953
0,009953
0,009953
0,006005
0,007317
0,010608
0,007638
0,008963
0,011264
0,006326
0,007972
0,007638
0,008294
0,008963
0,006005
0,006648
0,004359
0,005015
0,006648
0,005336
0,004025
0,002045
0,006982
0,007638
0,002045
0,004681
0,006648
0,001067
0,004681
0,005671
0,003035
0,003035
0,001389
0,002045
0,004025
0,004681
0,006326
0,002379
7,7E-05
0,00369
0,004359
0,005671
0,005336
0,004025
0,002379
0,003369
0,005015
0,002045
0,001723
0,004359
0,002713
-0,000257
0,004681
0,001723
7,7E-05
0,003035
-0,000257
0,002713
0,002713
0,002713
0,006005
0,001723
0,006648
0,001723
0,003035
0,006005
0,006982
0,006005
0,005671
0,006648
0,01093
0,010608
0,009618
0,009953
0,009953
0,009618
0,008628
0,010274
0,007638
0,01093
0,011264
0,011264
0,01291
0,011264
0,012254
0,010608
0,012576
0,013244
0,008963
0,010274
0,01093
0,009618
0,006982
0,007317
0,00369
0,005015
0,003035
0,004359
0,002379
0,000733
0,002713
0,002713
0,002713
0,000399
0,002713
0,003369
0,004025
0,002379
0,002379
0,006326
0,006648
0,006982
0,006005
0,005015
0,009284
0,006982
0,004359
0,007972
0,004359
0,00369
0,008963
0,006326
0,007972
0,006648
0,005336
0,006005
0,004681
0,006648
0,006648
0,001723
0,000733
-0,001903
0,002045
-0,003883
-0,003883
-0,003883
-0,001903
-0,004539
-0,007831
-0,005864
-0,007831
-0,009155
-0,010146
-0,005529
-0,008821
-0,005529
-0,002893
-0,004873
-0,009155
-0,005529
-0,004205
-0,001569
-0,002893
-0,002893
7,7E-05
0,002379
-0,000257
0,004359
0,003035
0,002045
0,004359
0,006648
0,005671
0,008963
0,008628
0,006326
0,008294
0,008294
0,008628
0,007317
0,006648
0,006005
0,004681
0,001723
-0,002893
0,001389
-0,001247
-0,000592
-0,003549
-0,004539
-0,006185
-0,004539
-0,003549
-0,001247
-0,005195
-0,004539
-0,002893
-0,001903
0,000399
-0,002559
-0,003549
-0,000257
-0,002237
-0,002237
0,001389
7,7E-05
-0,001903
0,002713
0,001067
0,002045
0,003369
0,001389
0,002713
0,006648
0,005336
0,002379
0,003369
0,008628
0,004359
0,006326
0,004681
0,004359
0,005015
0,001723
0,004025
0,00369
0,002045
0,001389
0,004025
0,001067
-0,002559
-0,001903
-0,003228
-0,005864
-0,004873
-0,007175
-0,009155
-0,006519
-0,009155
-0,012782
-0,00949
-0,009811
-0,013437
-0,007831
-0,013103
-0,008821
-0,012447
-0,005864
-0,007175
-0,009811
-0,006519
-0,006841
-0,007831
-0,006185
-0,003549
-0,006185
-0,006185
-0,002893
-0,003549
-0,007509
-0,005864
-0,005195
-0,004205
-0,006185
-0,004205
-0,004873
-0,007509
-0,005529
-0,007509
-0,007175
-0,007831
-0,007831
-0,0085
-0,011457
-0,010467
-0,0085
-0,012447
-0,00949
-0,011791
-0,011791
-0,011136
-0,010467
-0,012447
-0,009811
-0,0085
-0,005529
-0,005195
-0,003883
-0,004205
-0,002237
0,002045
0,004359
0,002713
0,003369
0,009284
0,005336
0,008294
0,005336
0,007972
0,005015
0,007972
0,007638
0,008294
0,007638
0,006326
0,004359
0,004681
0,004025
0,00369
0,006648
0,001389
0,003369
0,002379
7,7E-05
-0,000913
0,002713
0,002713
0,000399
0,004025
0,004025
0,00369
0,005336
0,005015
0,003369
0,008963
0,004359
0,007972
0,008294
0,01093
0,009953
0,010608
0,012576
0,01291
0,015212
0,01291
0,015868
0,014556
0,012576
0,01291
0,015212
0,015212
0,015546
0,016845
0,01093
0,011264
0,011264
0,01093
0,008628
0,010274
0,008628
0,007972
0,007972
0,009953
0,005015
0,009284
0,005015
0,004359
0,003369
0,005671
0,001389
0,004681
0,000733
0,004681
0,002713
-0,000592
0,004359
0,00369
0,005336
0,007972
0,005015
0,006982
0,006005
0,007972
0,008628
0,005671
0,004025
0,006648
0,005336
0,001389
0,002713
0,004025
0,002379
0,002045
0,000733
-0,003228
-0,005195
-0,001903
-0,003549
-0,004539
-0,004205
-0,006519
-0,005195
-0,003549
-0,006841
-0,006841
-0,001903
-0,005529
-0,005864
-0,004205
-0,002893
-0,005195
-0,003549
-0,001569
-0,003228
-0,003228
-0,000913
-0,001569
-0,005195
-0,001247
-0,005864
-0,004205
-0,004539
-0,001903
-0,004873
-0,003883
-0,004539
-0,004205
-0,003228
-0,003883
-0,004873
-0,006841
-0,002237
-0,005864
-0,001569
-0,005529
-0,005529
-0,005195
-0,001903
-0,006185
-0,004873
-0,003549
-0,004873
-0,003883
-0,005195
-0,005529
-0,005195
-0,0085
-0,006841
-0,004873
-0,007175
-0,007831
-0,007509
-0,004539
-0,007509
-0,004873
-0,005195
-0,006841
-0,004873
-0,002893
-0,005529
-0,003549
-0,003228
-0,002893
0,002713
-0,000913
-0,002237
0,001389
0,000733
0,001067
-0,001247
0,003035
0,004025
-0,002893
0,00369
0,001723
-0,000913
0,001723
0,000733
0,000399
-0,000257
0,001067
0,002045
0,001067
0,002045
0,000399
0,003035
0,003035
0,003369
0,004359
0,002713
-0,000913
0,000733
0,002713
0,004025
0,004025
0,002713
0,002379
0,001389
-0,002559
0,000399
0,001723
0,000399
0,001067
0,000399
0,002713
-0,002237
0,001723
0,001723
7,7E-05
0,004359
0,00369
0,002713
0,004681
0,004025
0,000399
0,001723
0,002713
0,000399
0,002713
0,002713
-0,002559
-0,004873
7,7E-05
0,002045
-0,001569
-0,002237
-0,003549
-0,007509
-0,005864
-0,006185
-0,005864
-0,005529
-0,004539
-0,007509
-0,008165
-0,006841
-0,002237
-0,004873
-0,005195
-0,005864
-0,000913
-0,003228
-0,003549
-0,002237
7,7E-05
0,000399
0,001723
0,002379
-0,002559
0,001067
0,000399
0,003035
0,001067
0,001389
0,004025
0,005336
0,002045
0,004681
0,005015
0,005671
0,004025
0,008294
0,004681
0,004359
0,004359
0,005015
0,000733
0,001389
0,001389
0,001067
0,000733
0,003369
0,002045
7,7E-05
0,000399
7,7E-05
0,001389
0,000733
-0,000913
-0,002893
-0,000257
-0,000257
-0,002893
-0,005529
-0,002559
-0,003883
-0,004873
-0,003883
-0,002237
-0,003883
-0,003549
-0,002559
-0,001903
-0,002893
7,7E-05
-0,005529
-0,004205
0,000399
-0,001247
0,000399
0,000733
7,7E-05
-0,002237
-0,001247
0,000399
0,001389
0,001723
0,000733
0,000399
-0,002893
0,002713
0,000733
-0,000257
0,000733
0,001389
-0,000913
0,001067
7,7E-05
0,001389
-0,002893
0,002713
0,00369
-0,001247
-0,001247
0,00369
-0,000592
0,001067
-0,000913
-0,004205
-0,005195
-0,003549
-0,003228
-0,002559
-0,003228
-0,000257
-0,001569
-0,001247
-0,001569
0,002379
-0,001569
0,003369
-0,000257
0,002045
-0,001903
0,005671
0,004681
0,001723
0,002045
0,000399
0,005015
0,004681
0,00369
0,007972
0,00369
0,004681
0,002379
0,002379
0,000733
0,003369
0,003369
0,000733
0,005015
0,002713
0,000399
0,00369
0,002713
0,002713
7,7E-05
0,004359
-0,000257
0,000399
7,7E-05
0,002713
-0,001247
0,001067
0,000733
0,000733
-0,000257
-0,003549
7,7E-05
-0,003549
-0,001247
-0,002237
-0,000592
-0,003228
-0,000592
7,7E-05
-0,003549
-0,002893
0,002045
-0,003549
-0,003549
-0,001569
-0,002893
-0,004873
-0,005529
-0,006841
-0,006185
-0,005195
-0,007175
-0,005864
-0,006185
-0,005529
-0,002893
-0,005195
-0,007175
-0,005864
-0,004873
-0,009155
-0,002237
-0,003883
-0,003549
-0,002237
7,7E-05
-0,001903
-0,001247
0,001723
-0,001903
-0,000592
0,000399
-0,002237
-0,002893
-0,000592
0,001067
0,004681
0,002379
-0,001247
0,000399
0,001389
0,00369
0,002045
0,002713
0,002713
0,000399
-0,000257
0,00369
7,7E-05
0,00369
0,00369
0,002379
0,004025
-0,001247
0,000733
0,000733
0,002379
-0,001247
0,000399
-0,002237
0,001067
-0,000592
0,000399
0,004359
7,7E-05
0,00369
0,003035
0,001067
0,004025
0,004025
7,7E-05
0,002379
0,002045
0,004359
0,001389
0,001723
0,004681
0,001067
0,002045
0,001067
0,002379
0,006326
0,006648
0,002379
0,003035
0,004359
0,005671
0,005671
0,008628
0,003369
0,004359
0,005336
0,005336
0,00369
0,003035
0,002045
0,003035
0,004025
0,003035
0,000399
0,003035
0,005336
0,001067
0,003369
0,004359
0,002045
0,000399
0,003035
0,002045
0,000399
0,002379
0,004025
0,003035
7,7E-05
0,001389
0,000399
0,002379
0,002379
0,000399
0,002379
0,001067
0,001067
0,00369
-0,002237
0,002713
0,001389
0,002045
0,002379
-0,001569
-0,000913
0,002379
0,001067
-0,001903
0,003369
0,001067
0,001723
0,001067
-0,000257
-0,000913
-0,000592
-0,000257
-0,005529
-0,002559
-0,001903
0,000399
-0,002893
-0,002893
-0,002893
-0,000592
-0,003883
-0,001903
