-0,002237
-0,005195
-0,006841
-0,0085
-0,007509
-0,007831
-0,009811
-0,007175
-0,008165
-0,010467
-0,011136
-0,012782
-0,012447
-0,010467
-0,007831
-0,009155
-0,007175
-0,008821
-0,008821
-0,006841
-0,006519
-0,005864
-0,0085
-0,006519
-0,005195
-0,005195
-0,004539
-0,008821
-0,004539
-0,004873
-0,005195
-0,0085
-0,005195
-0,007509
-0,007175
-0,00949
-0,010146
-0,006841
-0,007509
-0,011136
-0,009155
-0,011136
-0,011457
-0,010146
-0,012447
-0,011791
-0,010146
-0,015083
-0,015418
-0,019687
-0,017064
-0,017719
-0,020355
-0,021667
-0,026605
-0,022657
-0,024303
-0,028906
-0,03252
-0,028572
-0,034821
-0,036802
-0,039103
-0,041739
-0,042717
-0,045018
-0,04732
-0,050818
-0,05528
-0,056553
-0,063239
-0,061323
-0,070247
-0,068974
-0,07215
-0,067688
-0,074696
-0,072472
-0,073102
-0,075648
-0,072472
-0,078194
-0,075969
-0,077564
-0,079428
-0,079724
-0,078824
-0,077564
-0,077242
-0,073102
-0,072793
-0,068331
-0,061966
-0,056231
-0,05465
-0,044363
-0,047963
-0,03252
-0,022001
-0,021667
-0,006841
-0,006519
0,008963
0,012576
0,02492
0,024277
0,039451
0,040106
0,04966
0,051191
0,064088
0,065927
0,068074
0,074516
0,084765
0,084482
0,088751
0,097276
0,100401
0,098986
0,103255
0,108373
0,111909
0,111909
0,112167
0,112437
0,114262
0,117143
0,113735
0,116088
0,114005
0,114005
0,113221
0,110341
0,108656
0,110071
0,105236
0,105531
0,105531
0,10467
0,101828
0,100118
0,099552
0,09671
0,089317
0,089034
0,085047
0,080791
0,069913
0,067457
0,063471
0,057633
0,046883
0,040106
0,031054
0,031375
0,022657
0,021358
0,013244
0,011264
0,006648
0,001723
-0,002237
-0,001903
-0,013103
-0,008165
-0,015418
-0,018375
-0,017064
-0,016729
-0,020021
-0,018709
-0,019687
-0,017064
-0,015083
-0,00949
-0,006185
-0,010146
-0,005529
-0,001903
-0,002893
-0,002237
-0,004873
-0,008165
-0,010467
-0,012447
-0,014427
-0,018054
-0,02627
-0,026605
-0,031208
-0,038113
-0,039103
-0,041071
-0,044363
-0,049236
-0,052091
-0,054328
-0,057196
-0,057826
-0,059742
-0,065464
-0,065785
-0,06738
-0,068974
-0,070556
-0,074696
-0,073745
-0,078824
-0,078824
-0,077885
-0,08092
-0,077242
-0,076921
-0,072793
-0,074375
-0,072793
-0,073423
-0,070877
-0,070556
-0,069283
-0,067688
-0,062918
-0,061966
-0,059099
-0,053685
-0,050188
-0,045353
-0,036802
-0,038769
-0,029228
-0,026605
-0,021333
-0,021011
-0,009811
-0,007831
-0,004873
-0,003228
0,003035
0,001067
0,004025
0,014222
0,015212
0,016189
0,019751
0,022014
0,023943
0,026206
0,029768
0,033317
0,03396
0,03396
0,034603
0,034603
0,034937
0,037843
0,031697
0,036544
0,038165
0,035902
0,034603
0,034603
0,038165
0,041071
0,035902
0,03558
0,037187
0,038165
0,035902
0,036223
0,037843
0,038808
0,038808
0,040428
0,045276
0,046883
0,047204
0,048439
0,045597
0,046883
0,052425
0,052734
0,053955
0,051808
0,055485
0,055485
0,056411
0,053647
0,05519
0,054881
0,053042
0,051808
0,049043
0,047822
0,04624
0,046883
0,044298
0,041392
0,036866
0,037187
0,030411
0,026528
0,023943
0,022657
0,021358
0,017166
0,013244
0,01093
0,006326
0,005015
0,002713
-0,001569
-0,001569
-0,013437
-0,010801
-0,013772
-0,021011
-0,020021
-0,022657
-0,027582
-0,028251
-0,030552
-0,034821
-0,030552
-0,035156
-0,03351
-0,038113
-0,034821
-0,040093
-0,040415
-0,042061
-0,037792
-0,039438
-0,038113
-0,043051
-0,042061
-0,041739
-0,044041
-0,044697
-0,046999
-0,046343
-0,045687
-0,046343
-0,048272
-0,050509
-0,051139
-0,048915
-0,05465
-0,051139
-0,050818
-0,048593
-0,055601
-0,052091
-0,048272
-0,050188
-0,049866
-0,049866
-0,050509
-0,048915
-0,046664
-0,045353
-0,043707
-0,040749
-0,041071
-0,040093
-0,0345
-0,039759
-0,035156
-0,028251
-0,028906
-0,027916
-0,024303
-0,024303
-0,023969
-0,017719
-0,019687
-0,017719
-0,016729
-0,014427
-0,013437
-0,008821
-0,012782
-0,010146
-0,006185
-0,006841
-0,005529
-0,003883
-0,002237
-0,000913
-0,003549
0,000399
0,004025
-0,001247
0,001723
0,005671
0,006005
0,004359
0,009284
0,007638
0,008628
0,015212
0,015546
0,013244
0,015868
0,019108
0,018452
0,01943
0,021358
0,022014
0,025563
0,0233
0,025563
0,023943
0,023621
0,027183
0,028791
0,029446
0,028469
0,026206
0,026862
0,027183
0,028148
0,031375
0,031054
0,028791
0,031697
0,029446
0,031054
0,029768
0,032674
0,032018
0,030089
0,028791
0,030089
0,031375
0,031054
0,030411
0,025563
0,030732
0,030089
0,029446
0,02492
0,026528
0,027183
0,025885
0,02492
0,026862
0,022336
0,022014
0,019108
0,019108
0,01943
0,016845
0,018131
0,016189
0,014222
0,013566
0,01291
0,01093
0,01192
0,012576
0,008963
0,008628
0,008294
0,010274
0,007638
0,007317
0,009953
0,00369
0,010274
0,005015
0,005671
0,005015
0,005671
0,005015
0,003035
0,006982
0,007972
0,002713
0,002713
0,000399
0,003369
0,004681
0,00369
0,004359
0,002045
0,006326
0,002045
0,004025
0,006648
0,007972
0,002713
0,003035
0,001389
0,003035
0,004681
0,002379
0,000733
-0,002893
-0,000592
-0,001569
0,001723
-0,003228
-0,000913
-0,003549
-0,001903
-0,001903
-0,003549
-0,003228
-0,005195
-0,002237
-0,002893
-0,006519
-0,004873
-0,005195
-0,006841
-0,003549
-0,003883
-0,004873
-0,007175
-0,006519
-0,007831
-0,007509
-0,009811
-0,008165
-0,008165
-0,009811
-0,009155
-0,011136
-0,007175
-0,010146
-0,012447
-0,010146
-0,012782
-0,013103
-0,012782
-0,013437
-0,011136
-0,011457
-0,013103
-0,016073
-0,013103
-0,014093
-0,017064
-0,013772
-0,012126
-0,014762
-0,013772
-0,014427
-0,013103
-0,016408
-0,015418
-0,015418
-0,015418
-0,011791
-0,00949
-0,011136
-0,011791
-0,014093
-0,007175
-0,007175
-0,007831
-0,010146
-0,006185
-0,011791
-0,007831
-0,004205
-0,008165
-0,011136
-0,008821
-0,009811
-0,011136
-0,008821
-0,008165
-0,008821
-0,010801
-0,009155
-0,010801
-0,009811
-0,012126
-0,012447
-0,010467
-0,013103
-0,012126
-0,012126
-0,011457
-0,00949
-0,012447
-0,011136
-0,014093
-0,012447
-0,012782
-0,008821
-0,00949
-0,007831
-0,008165
-0,007831
-0,004539
-0,007831
-0,004539
-0,007509
-0,003549
-0,004873
-0,006841
-0,003549
-0,000913
-0,003228
-0,003549
-0,003228
-0,002893
-0,000592
-0,002559
-0,001247
-0,000913
-0,000913
-0,001903
-0,003549
-0,000592
-0,001247
-0,003228
-0,002559
-0,000913
-0,002893
-0,004539
-0,003549
-0,006185
-0,003228
-0,004539
-0,002237
-0,001903
-0,003549
-0,005195
-0,002559
-0,002559
-0,003549
-0,006519
-0,005529
-0,004205
-0,007175
-0,005864
-0,006185
-0,003549
-0,001903
-0,004539
-0,004539
-0,003883
-0,004205
-0,003228
-0,004873
-0,005195
-0,003883
-0,002237
-0,007175
-0,005529
-0,005529
-0,000257
-0,004539
-0,005195
-0,005195
-0,002237
7,7E-05
-0,004205
-0,003549
-0,001569
-0,003228
-0,004539
-0,001569
-0,000257
-0,000592
-0,000592
-0,001903
-0,001247
0,000399
-0,003549
0,000733
-0,002893
-0,000913
-0,002559
-0,004873
-0,001569
-0,003228
-0,003549
-0,005195
-0,004539
-0,003883
-0,004205
-0,003228
-0,002237
-0,000592
-0,002893
-0,002237
-0,001247
0,001723
0,001723
0,004681
0,001723
0,007317
0,008628
0,007972
0,007972
0,009284
0,010608
0,01192
0,01093
0,009284
0,013566
0,01291
0,013566
0,017166
0,017166
0,016523
0,016845
0,01943
0,017488
0,016845
0,01943
0,01943
0,019751
0,021037
0,020715
0,020394
0,023621
0,01943
0,022657
0,024277
0,021693
0,023621
0,017809
0,020715
0,021037
0,020394
0,020715
0,020394
0,020715
0,01943
0,019108
0,022014
0,018452
0,021358
0,022336
0,022336
0,021037
0,020715
0,019108
0,019751
0,022014
0,019751
0,017809
0,017809
0,021358
0,016523
0,016189
0,016523
0,015212
0,010608
0,014222
0,009618
0,009284
0,008628
0,005671
0,007972
0,006005
0,008628
0,003369
0,004025
0,001067
0,004025
-0,000913
0,002045
-0,001569
-0,003228
-0,003228
-0,003228
-0,002237
-0,006519
-0,005195
-0,005529
-0,004205
-0,008165
-0,009155
-0,005529
-0,0085
-0,009155
-0,003228
-0,0085
-0,006519
-0,007175
-0,007509
-0,010146
-0,007175
-0,007175
-0,007831
-0,008165
-0,006519
-0,000592
-0,005529
-0,004539
-0,006519
-0,007509
-0,005195
-0,004873
-0,002559
-0,004873
-0,003883
-0,001569
-0,001903
-0,000913
-0,002559
-0,002893
-0,005195
-0,001569
0,004025
-0,000592
0,002379
0,005336
0,002713
0,004681
0,005015
0,008628
0,008963
0,006982
0,007638
0,008963
0,008294
0,01192
0,006982
0,01192
0,007638
0,011264
0,008963
0,012254
0,010608
0,010274
0,01093
0,013244
0,008628
0,01291
0,01489
0,012576
0,011599
0,010608
0,0139
0,015212
0,012254
0,01291
0,017166
0,015868
0,012254
0,01291
0,014556
0,013566
0,01291
0,016523
0,014222
0,01291
0,014556
0,009953
0,007638
0,010274
0,011599
0,011599
0,007317
0,008628
0,008294
0,007972
0,005015
0,004359
0,007972
0,005336
0,004359
0,002713
-0,000592
0,002045
-0,000257
-0,001569
-0,002559
-0,002237
-0,004539
-0,003883
-0,002559
-0,003883
-0,005864
-0,004539
-0,005864
-0,007509
-0,006519
-0,009811
-0,007831
-0,007175
-0,009811
-0,014093
-0,013772
-0,011457
-0,011457
-0,009155
-0,016408
-0,014427
-0,016729
-0,014762
-0,017719
-0,013437
-0,016073
-0,014762
-0,017064
-0,015418
-0,017064
-0,017719
-0,017719
-0,018054
-0,016729
-0,016408
-0,014427
-0,014093
-0,017385
-0,021333
-0,017064
-0,015083
-0,016729
-0,015083
-0,012126
-0,009811
-0,012126
-0,013103
-0,012782
-0,008821
-0,010146
-0,010146
-0,0085
-0,009155
-0,006185
-0,003883
-0,005864
-0,004873
-0,003228
-0,005195
-0,006519
-0,004205
-0,004873
-0,001247
-0,001247
-0,000257
-0,000913
-0,002559
7,7E-05
-0,002559
0,002379
0,001389
-0,000257
0,000733
0,002045
0,001723
-0,000257
0,003369
0,005015
0,004681
0,004025
0,006005
0,006005
0,003035
0,009284
0,008963
0,008963
0,007317
0,008963
0,011599
0,010608
0,01291
0,01093
0,013244
0,011264
0,01489
0,016523
0,016523
0,013566
0,017166
0,014556
0,016523
0,018131
0,01489
0,016189
0,017809
0,019751
0,019108
0,017809
0,015868
0,017809
0,019751
0,016845
0,017488
0,015546
0,017809
0,016189
0,016845
0,018452
0,016845
0,015868
0,014222
0,015212
0,015546
0,014556
0,011599
0,01489
0,0139
0,013244
0,009618
0,01192
0,014222
0,005671
0,01093
0,006005
0,004681
0,008963
0,010274
0,005015
0,004681
0,004359
0,006005
0,004025
0,00369
0,002045
-0,000592
-0,000913
-0,000257
-0,000592
-0,000913
-0,001903
-0,006841
-0,007175
-0,008165
-0,007831
-0,012447
-0,010801
-0,014427
-0,015418
-0,015418
-0,018709
-0,017385
-0,020021
-0,017064
-0,021011
-0,020021
-0,020021
-0,020355
-0,022657
-0,022001
-0,021333
-0,023313
-0,022657
-0,024624
-0,022323
-0,020021
-0,023634
-0,021667
-0,021333
-0,019365
-0,016073
-0,019687
-0,018375
-0,016729
-0,017064
-0,014427
-0,011791
-0,012447
-0,007831
-0,003549
-0,006185
-0,005195
-0,007509
-0,000913
7,7E-05
-0,001247
0,000733
0,002045
0,004681
0,007638
0,004359
0,005015
0,005336
0,007638
0,009618
0,009618
0,01291
0,012576
0,015212
0,0139
0,016845
0,016523
0,013244
0,017809
0,0139
0,01291
0,015212
0,017809
0,017809
0,019751
0,022336
0,016189
0,018131
0,020394
0,020072
0,020072
0,019751
0,019108
0,022014
0,020072
0,020715
0,018131
0,020072
0,016523
0,013566
0,015868
0,013566
0,010608
0,010274
0,010274
0,011599
0,007972
0,007972
0,007317
0,006005
0,001389
-0,003549
0,000399
-0,003883
-0,001903
-0,003883
-0,008821
-0,004205
-0,008165
-0,007831
-0,007509
-0,00949
-0,00949
-0,010801
-0,006841
-0,00949
-0,011136
-0,010146
-0,010801
-0,011136
-0,010801
-0,007831
-0,010146
-0,0085
-0,006841
-0,008821
-0,010146
-0,010146
-0,010467
-0,011136
-0,008821
-0,009155
-0,011136
-0,010801
-0,011457
-0,00949
-0,011457
-0,014762
-0,011457
-0,009811
-0,012782
-0,00949
-0,010146
-0,011791
-0,013772
-0,011136
-0,013103
-0,012782
-0,014093
-0,008821
-0,011457
-0,011457
-0,012447
-0,014427
-0,010146
-0,011136
-0,014427
-0,009155
-0,010467
-0,007831
-0,007509
-0,0085
-0,010146
-0,007831
-0,011457
-0,0085
-0,011457
-0,00949
-0,005529
-0,006519
-0,004873
-0,008165
-0,010467
-0,007509
-0,003883
-0,004205
-0,004539
-0,004205
-0,007175
-0,002559
-0,001247
-0,003228
-0,005529
-0,005529
-0,001569
-0,003228
-0,004539
-0,004873
-0,002237
-0,006519
-0,004873
-0,004205
-0,004205
-0,004205
-0,006519
-0,002559
-0,004539
-0,002237
-0,003228
-0,001903
-0,003549
-0,002893
-0,002237
-0,001903
-0,004539
-0,002237
-0,001903
-0,004539
-0,000257
-0,000257
0,002713
0,002713
0,000733
7,7E-05
0,00369
0,005015
0,004681
0,005671
0,008294
0,004359
0,006326
0,003369
0,005015
0,004681
0,005015
0,005671
0,001723
0,006982
0,007638
0,008294
0,009618
0,007972
0,006005
0,010608
0,005671
0,008628
0,007638
0,008294
0,009618
0,009284
0,01192
0,010608
0,011264
0,009618
0,01093
0,010274
0,011599
0,013244
0,01093
0,0139
0,012576
0,011599
0,012254
0,010608
0,007638
0,01093
0,007317
0,007972
0,009284
0,005671
0,010274
0,01093
0,006005
0,004681
0,005336
0,006326
0,005336
0,004681
0,000733
0,001723
0,003369
0,002713
0,00369
0,001723
0,001723
0,002379
0,00369
-0,000257
0,000399
0,001389
0,000399
0,001067
-0,004873
-0,001903
-0,004873
-0,003549
-0,008165
-0,004539
-0,003228
-0,004539
-0,007509
-0,0085
-0,007831
-0,005529
-0,007175
-0,0085
-0,006841
-0,007509
-0,007175
-0,009155
-0,007175
-0,009155
-0,004205
-0,007509
-0,00949
-0,009811
-0,00949
-0,0085
-0,00949
-0,005529
-0,00949
-0,004873
-0,006519
-0,008165
-0,006519
-0,010801
-0,010801
-0,0085
-0,006185
-0,007175
-0,006185
-0,0085
-0,007175
-0,009811
-0,007831
-0,007831
-0,007509
-0,008821
-0,00949
-0,008165
-0,007831
-0,006519
-0,006519
-0,008165
-0,0085
-0,007509
-0,007175
-0,008165
-0,005195
-0,00949
-0,005864
-0,00949
-0,007509
-0,004873
-0,003883
-0,001569
-0,006519
-0,004205
-0,004205
-0,002237
-0,002237
-0,000257
7,7E-05
-0,001903
-0,001569
-0,002237
0,002379
-0,003549
-0,002893
7,7E-05
0,000399
0,000399
0,001067
0,001067
0,000399
0,002045
0,002045
0,002045
0,002045
0,002713
0,00369
0,004025
0,005336
0,006326
0,007972
0,005336
0,005015
0,007638
0,007317
0,003369
0,005336
0,004681
0,006326
0,005015
0,004359
0,00369
0,006005
0,005336
0,006648
0,004025
0,003369
0,001067
0,001723
0,004025
-0,000257
0,001389
0,002379
0,001067
0,001389
0,003369
0,001389
-0,003228
0,001723
-0,000592
-0,000592
-0,001569
-0,002237
-0,001903
-0,000592
7,7E-05
0,001067
0,002713
0,002045
0,001389
0,003035
0,001723
0,000399
0,003035
0,001067
0,002713
0,001389
0,002045
0,000733
0,003035
0,002045
0,000733
-0,000913
7,7E-05
-0,001247
0,002379
0,002045
0,002379
0,00369
0,002045
0,004359
0,003035
-0,000592
0,001723
0,003369
7,7E-05
0,00369
0,003035
7,7E-05
0,002713
0,002713
0,004359
0,002379
0,000733
0,003035
0,001389
0,000399
0,000733
7,7E-05
0,003369
0,006005
0,00369
0,000733
0,006326
0,001723
0,000399
0,001389
0,004025
0,005336
0,006982
0,006326
0,00369
0,005671
0,004359
0,008294
0,004359
0,007317
0,009953
0,008963
0,007317
0,007317
0,011264
0,009618
0,010608
0,008963
0,006005
0,01093
0,007972
0,009953
0,007972
0,007972
0,009953
0,01093
0,01192
0,008294
0,009618
0,008294
0,008628
0,011599
0,011599
0,009618
0,011264
0,009284
0,008963
0,007317
0,01291
0,007972
0,006982
0,008628
0,009284
0,005671
0,010608
0,007972
0,008294
0,009284
0,007317
0,006982
0,003369
0,004359
0,001389
0,006982
0,00369
0,00369
0,002045
0,004025
0,002379
7,7E-05
-0,000592
0,001067
-0,000592
0,000399
-0,001247
-0,005195
-0,003228
-0,002559
-0,000913
-0,003883
-0,002237
-0,001903
-0,003228
-0,001903
-0,005195
-0,001903
-0,002559
-0,002237
-0,004539
-0,004873
-0,001569
-0,001569
-0,000592
-0,003549
-0,003549
-0,005529
-0,000257
-0,004205
-0,000592
-0,003549
-0,002893
-0,002893
-0,002559
-0,001569
-0,002893
-0,001569
7,7E-05
0,000733
0,001389
-0,003549
0,002713
0,000399
0,000733
-0,001569
0,001723
-0,001569
-0,001903
0,001723
-0,000592
-0,004205
-0,000257
0,000733
-0,000257
-0,001903
-0,001569
0,000733
-0,003228
-0,001903
0,001389
-0,002237
0,000399
0,000399
-0,001903
-0,004539
-0,003549
-0,004205
-0,000257
-0,004873
-0,002893
-0,003228
-0,002893
-0,004873
-0,000913
-0,004873
-0,004873
-0,002893
-0,004539
-0,002559
-0,001247
-0,003549
-0,002893
-0,003549
-0,001903
-0,000913
-0,005195
-0,000913
7,7E-05
0,000399
0,003369
0,004359
0,005015
0,004025
0,003035
0,006326
0,004025
0,006005
0,006326
0,005015
0,006648
0,007972
0,006005
0,006982
0,007317
0,008628
0,006326
0,009284
0,004359
0,009284
0,008294
0,006648
0,008963
0,005671
0,003035
0,004025
0,00369
0,006005
0,006326
0,004359
0,002379
0,004681
0,004025
0,000733
0,002379
0,000399
0,004681
7,7E-05
0,003035
0,002379
0,003035
0,002045
0,004681
7,7E-05
0,003369
0,000733
0,005336
0,002713
0,003369
0,001723
0,004359
0,002379
0,004359
0,001389
0,003035
0,005336
0,000733
0,004025
0,002045
0,001389
0,004359
0,005671
0,006648
0,003369
0,003035
0,002379
0,003369
0,003035
0,005015
0,003369
0,00369
0,000733
0,003035
7,7E-05
0,004681
0,001723
0,001389
0,001067
-0,000257
0,000733
0,002713
7,7E-05
0,000399
0,002045
0,004681
0,007317
0,001067
0,00369
0,002713
0,001723
0,004681
0,001067
0,005671
-0,000257
0,004025
0,006005
0,002713
0,005671
0,004025
0,005015
0,006326
0,003035
0,003035
0,004681
0,005671
0,001723
0,004681
0,004681
0,004359
0,005671
0,005336
0,005671
0,004681
0,006648
0,001389
0,002045
0,001389
0,005336
0,003369
0,004359
0,005336
0,003035
0,005015
0,004359
0,001389
0,001723
0,004359
0,003369
0,001389
0,002713
7,7E-05
0,003035
0,006648
0,005671
0,002379
0,004359
0,003035
0,000733
0,000733
0,000733
0,003035
0,004359
0,001723
0,000399
0,004025
0,004359
0,001067
-0,000257
0,002045
0,002713
-0,001247
0,002713
0,003035
0,001723
0,002379
7,7E-05
7,7E-05
0,001389
-0,000257
-0,000257
0,001389
0,000399
0,001389
0,002379
0,002045
-0,000592
0,001389
-0,002893
0,000733
-0,002559
0,000399
0,001389
-0,001569
-0,004205
0,001389
7,7E-05
-0,001569
-0,001569
7,7E-05
7,7E-05
-0,001247
-0,001247
0,001723
7,7E-05
-0,000913
7,7E-05
7,7E-05
0,002713
0,002045
7,7E-05
0,001067
-0,002237
7,7E-05
0,002045
0,002379
0,002379
-0,000257
0,001067
7,7E-05
0,003369
0,005015
0,000733
0,001723
0,000733
-0,000257
0,002379
0,001389
0,001723
-0,002893
-0,001247
-0,001569
-0,000257
-0,000257
-0,001247
-0,001903
-0,001903
-0,000913
-0,001569
-0,001569
-0,002893
-0,001903
-0,001247
-0,003883
-0,000913
-0,001903
-0,001903
-0,006841
-0,003228
-0,001247
-0,000592
-0,003549
-0,007509
-0,000592
-0,005864
-0,000257
-0,004205
-0,003549
-0,003228
-0,006185
-0,006841
-0,004539
-0,004539
-0,007509
-0,009811
-0,006841
-0,007509
-0,008165
-0,004873
-0,006841
-0,010467
-0,009811
-0,010146
-0,009811
-0,013772
-0,014427
-0,011457
-0,013103
-0,013103
-0,010146
-0,013437
-0,011136
-0,012126
-0,013103
-0,014762
-0,014093
-0,012126
-0,011136
-0,010801
-0,015418
-0,013103
-0,013772
-0,015083
-0,011136
-0,011136
-0,00949
-0,007175
-0,011457
-0,0085
-0,010801
-0,007175
-0,010146
-0,010801
-0,007509
-0,008821
-0,009811
-0,00949
-0,009811
-0,007175
-0,008821
-0,0085
-0,004873
-0,008165
-0,007509
-0,008165
-0,005864
-0,008821
-0,006841
-0,008821
-0,005864
-0,003549
-0,007509
-0,006519
-0,006841
-0,002893
-0,007831
-0,002237
-0,001903
-0,003549
-0,004205
-0,002559
-0,002559
-0,004539
-0,002893
0,000733
7,7E-05
-0,001569
0,000733
0,003369
-0,000257
-0,001569
0,002713
7,7E-05
0,000399
0,003035
-0,000913
0,001389
-0,000257
0,002045
0,002713
0,001067
0,005671
0,003035
0,002379
0,000733
0,001067
0,004025
0,001389
0,004681
0,004359
0,004359
0,002045
0,006005
0,004025
0,005015
0,005015
0,003369
0,005671
0,005015
0,005336
0,006326
0,006648
0,005671
0,004681
0,007972
0,010274
0,007972
0,007317
0,006326
0,005015
0,006982
0,004025
0,005336
0,00369
0,007972
0,008963
0,006982
0,006326
0,002379
0,002713
0,00369
0,004681
0,004025
0,005671
0,006648
0,004359
0,006005
0,003369
0,003369
0,003369
0,006005
0,006326
0,002713
0,001067
0,007972
0,003035
0,002379
0,007638
0,001389
0,001723
0,00369
0,004359
0,003035
0,001723
7,7E-05
0,002713
0,000733
0,00369
0,000399
-0,000913
-0,001569
0,00369
0,000733
0,001723
-0,000913
0,00369
0,000399
0,000733
0,00369
-0,000913
0,001067
0,002379
0,002045
0,00369
0,001067
0,006648
0,003369
0,004025
0,006326
0,00369
0,005336
0,00369
0,00369
0,004359
0,005336
0,005336
0,005015
0,006005
0,004025
0,004681
0,007638
0,005336
0,007638
0,010274
0,009618
0,009284
0,009284
0,010274
0,01093
0,012254
0,01291
0,01192
0,011599
0,010608
0,012576
0,008294
0,010608
0,008963
0,008294
0,009618
0,008294
0,008294
0,007638
0,006326
0,001389
0,005015
0,005671
0,006648
0,002045
0,002379
0,005336
0,001723
0,000399
0,004359
0,003035
0,004359
0,003035
0,006982
0,002379
0,008628
0,006982
0,008628
0,006982
0,007317
0,008963
0,008963
0,0139
0,007638
0,010274
0,006982
0,008628
0,007972
0,007638
0,009953
0,006326
0,004681
0,005336
0,005336
0,001067
0,001389
7,7E-05
0,001389
-0,000913
-0,001247
-0,002893
-0,003883
-0,007509
-0,006841
-0,007831
-0,003549
-0,007175
-0,005529
-0,002559
-0,004539
-0,005195
-0,004205
-0,005195
-0,002893
-0,001569
-0,003883
-0,002237
-0,001903
0,001389
0,002379
0,003369
0,001067
0,005015
0,005671
0,005671
0,005671
0,006326
0,004681
0,008628
0,00369
0,004681
0,005671
0,006326
0,005015
0,003369
0,004025
0,002713
0,002379
0,002045
0,001389
-0,002893
-0,002237
-0,003549
-0,003228
-0,003228
-0,003549
-0,005864
-0,006519
-0,005864
-0,005864
-0,007175
-0,005529
-0,002893
-0,003228
-0,005195
0,000399
-0,003883
-0,003883
-0,002559
-0,004873
-0,006519
-0,004205
0,000399
-0,003883
-0,002559
0,002713
-0,002237
-0,000913
0,001067
0,002045
-0,002559
0,000399
0,001067
0,002379
0,003035
0,003035
0,004025
0,000399
0,001723
0,001723
0,001067
-0,000257
-0,002237
-0,001247
-0,002559
-0,005529
-0,005195
-0,003549
-0,004539
-0,003549
-0,009811
-0,006841
-0,009155
-0,0085
-0,0085
-0,009155
-0,011136
-0,007509
-0,009811
-0,0085
-0,0085
-0,009811
-0,008165
-0,011136
-0,008165
-0,007831
-0,007175
-0,004873
-0,004205
-0,005529
-0,003549
-0,002237
-0,005529
-0,004539
-0,002237
-0,004539
-0,002559
-0,003883
-0,004205
-0,004539
-0,007831
-0,007509
-0,007175
-0,007509
-0,005529
-0,008821
-0,008165
-0,010467
-0,00949
-0,010801
-0,009811
-0,010801
-0,012126
-0,009155
-0,009155
-0,010801
-0,0085
-0,004539
-0,007175
-0,007175
-0,002893
-0,002893
-0,001247
0,000733
0,001067
0,001389
0,00369
0,004359
0,007317
0,003369
0,007972
0,007638
0,008963
0,005336
0,006326
0,006326
0,009618
0,007638
0,007972
0,006982
0,006326
0,006005
0,000733
0,002713
0,000733
0,002379
-0,002559
-0,001247
0,001389
-0,001247
0,000733
-0,001247
0,002045
0,000399
-0,000257
0,001389
0,005671
0,001723
0,003035
0,004681
0,007972
0,007317
0,008294
0,009284
0,008628
0,008628
0,008963
0,01093
0,0139
0,01291
0,014556
0,013566
0,013244
0,01192
0,011599
0,013566
0,01093
0,01093
0,011599
0,010274
0,011264
0,006326
0,008963
0,005015
0,006326
0,007317
0,006648
0,006982
0,006005
0,00369
0,003035
0,005015
0,004359
0,002713
0,007317
0,00369
0,004681
0,004359
0,006982
0,006326
0,006005
0,00369
0,007317
0,007317
0,007638
0,006648
0,007638
0,01093
0,006982
0,007972
0,006982
0,006982
0,004359
0,008294
0,003369
-0,002893
0,001067
0,004681
0,003369
0,004359
0,002379
-0,001247
0,001389
0,003035
-0,001903
-0,000913
0,001067
-0,000913
-0,002237
-0,000592
0,001723
-0,001247
-0,002559
-0,002893
-0,000592
-0,001569
-0,001569
-0,002559
-0,001903
-0,007509
-0,000592
-0,004539
-0,004873
-0,004205
-0,002237
-0,003883
-0,005864
-0,001247
-0,004539
-0,001903
-0,001569
-0,003228
-0,003549
-0,005529
-0,004539
-0,006519
-0,004205
-0,004539
-0,003228
-0,002893
-0,005864
-0,006519
-0,005864
-0,003228
-0,005529
-0,004205
-0,006841
-0,003549
-0,008165
-0,006185
-0,00949
-0,007831
-0,005864
-0,0085
-0,007175
-0,005529
-0,006519
-0,005195
-0,004205
-0,004205
-0,004205
-0,006185
-0,002893
-0,003228
-0,006185
-0,002237
-0,004205
-0,002237
-0,002559
0,001723
0,000733
-0,000913
0,000733
-0,000592
0,001067
0,002045
-0,001247
-0,002893
0,001067
7,7E-05
0,000733
-0,000592
0,002379
0,004025
-0,000257
0,004025
0,002713
7,7E-05
0,003369
0,002379
0,003369
0,004025
0,002713
0,003035
0,001723
0,004025
0,001389
0,000733
7,7E-05
0,004681
0,001389
-0,000913
-0,000257
0,000733
0,002045
-0,000913
0,004025
0,001067
0,001389
0,002379
0,001067
0,000399
0,001067
0,002379
0,002045
0,002379
0,000399
0,002713
-0,000913
0,003369
-0,000257
7,7E-05
-0,001569
7,7E-05
-0,004205
0,001389
-0,000257
-0,004539
-0,003883
0,002045
-0,000913
-0,000257
-0,003883
-0,003549
-0,009811
-0,003883
-0,002893
-0,004873
-0,004873
-0,006841
-0,004539
-0,004873
-0,001247
-0,001569
-0,001903
-0,002559
-0,000592
-0,000257
-0,002237
0,001389
-0,000592
0,002713
0,002379
7,7E-05
0,002713
0,002045
0,002045
0,004025
0,005336
0,00369
0,003369
0,002379
0,005015
0,007317
0,007972
0,003369
0,006005
0,003369
0,003035
0,002045
0,001389
-0,000257
0,000733
0,002713
0,003035
-0,001247
0,000733
0,003035
0,002045
-0,000257
0,003035
-0,002237
-0,002237
-0,002237
-0,001569
-0,000913
-0,002237
0,001067
-0,001569
-0,001569
-0,003883
-0,001903
-0,006519
-0,006841
-0,004539
-0,003228
-0,004205
-0,005864
-0,003549
-0,004205
-0,002559
-0,005195
-0,002893
-0,002237
-0,003228
-0,000913
0,000733
0,001067
0,00369
-0,002237
-0,001903
0,003035
0,002379
-0,000257
7,7E-05
0,001723
0,004025
-0,000257
0,002379
0,000399
0,002713
0,001067
7,7E-05
-0,000592
-0,000913
-0,000592
-0,002559
7,7E-05
-0,002893
-0,000913
-0,000913
-0,004539
-0,002559
-0,004539
-0,001903
-0,002893
-0,000913
-0,004205
-0,005529
-0,000592
-0,001247
-0,002559
-0,002893
0,001067
-0,000257
-0,000257
0,002045
0,002713
0,001389
0,003035
0,001389
-0,000592
0,002379
0,005015
0,005015
0,005671
0,005336
0,002045
0,003369
0,00369
0,004025
0,00369
0,001389
0,001723
7,7E-05
0,00369
0,001723
-0,000592
0,000733
7,7E-05
0,003369
-0,000913
7,7E-05
-0,001247
-0,001569
-0,000257
-0,001247
-0,000913
0,000733
0,001389
-0,003549
-0,005529
-0,003549
-0,001247
-0,000592
0,001389
-0,000913
-0,001569
-0,004539
-0,004205
-0,004873
-0,003228
-0,004539
-0,002559
-0,002237
-0,003549
-0,005195
-0,005864
-0,006185
-0,002237
-0,004539
-0,005864
-0,003549
-0,004539
-0,003228
-0,002559
-0,003549
-0,003883
-0,002893
-0,003228
-0,003228
-0,004873
-0,001247
-0,001569
7,7E-05
-0,001569
-0,004205
-0,001903
7,7E-05
0,001067
0,002045
-0,001903
0,000733
0,003369
0,000399
7,7E-05
0,001067
0,001723
0,003035
0,001067
0,002713
0,001067
0,000399
0,001723
0,001389
7,7E-05
0,00369
-0,000592
