0,000231
0,001337
0,003536
0,004321
0,001955
0,005889
0,004629
0,004321
0,000707
0,003536
0,0018
0,004951
0,005889
0,005735
0,006044
0,002906
0,004475
0,006519
0,003215
0,004796
0,004475
0,003536
0,005259
0,004321
0,003536
0,002752
0,004951
0,00306
0,001646
0,000707
0,00117
0,001646
0,001016
0,00306
0,0018
-0,000553
0,000386
0,001646
-0,000707
0,002122
0,003215
0,002276
0,000386
-0,000399
7,7E-05
-0,002289
-0,000244
-0,001813
-0,002919
-0,001504
-0,004642
-0,004951
-0,007471
-0,006056
-0,007625
-0,009978
-0,0103
-0,015803
-0,014222
-0,014698
-0,013283
-0,016588
-0,018954
-0,021796
-0,02195
-0,025267
-0,031272
-0,035053
-0,036789
-0,042472
-0,0439
-0,049275
-0,05038
-0,052129
-0,050535
-0,057041
-0,05735
-0,059729
-0,058944
-0,063856
-0,063535
-0,062429
-0,062429
-0,064165
-0,06702
-0,072407
-0,072253
-0,075905
-0,075738
-0,075738
-0,074953
-0,070504
-0,075738
-0,069398
-0,067663
-0,063856
-0,059574
-0,045314
-0,048953
-0,044375
-0,039322
-0,029536
-0,018799
-0,006841
-0,006056
0,00054
0,005259
0,01579
0,018439
0,026399
0,037175
0,039515
0,042009
0,049956
0,052438
0,056321
0,064075
0,064705
0,064229
0,073385
0,075712
0,074478
0,078194
0,08218
0,080045
0,083106
0,087542
0,088918
0,088764
0,090602
0,092441
0,090448
0,088609
0,087079
0,08524
0,083414
0,07867
0,08218
0,07867
0,075712
0,07867
0,073076
0,075558
0,072922
0,073539
0,070131
0,068884
0,06765
0,06113
0,055241
0,053068
0,04498
0,039361
0,03171
0,029999
0,024689
0,013116
0,010596
0,003215
-0,003228
-0,007947
-0,01219
-0,012023
-0,016433
-0,02006
-0,02006
-0,021011
-0,021796
-0,024483
-0,022271
-0,021165
-0,02195
-0,019905
-0,014222
-0,014698
-0,005902
-0,006841
-0,003536
-0,005272
0,003845
0,001646
0,007612
0,007458
0,004796
0,007137
-0,000707
-0,003858
-0,005902
-0,006687
-0,012974
-0,022117
-0,022747
-0,024483
-0,032057
-0,037265
-0,035683
-0,037895
-0,040582
-0,046574
-0,044684
-0,049905
-0,050059
-0,048169
-0,052438
-0,053235
-0,053235
-0,051808
-0,056398
-0,05609
-0,053865
-0,053711
-0,052438
-0,053389
-0,053389
-0,052759
-0,048953
-0,046266
-0,045944
-0,041366
-0,04453
-0,040736
-0,036326
-0,034744
-0,029845
-0,030642
-0,027003
-0,025113
-0,022117
-0,021011
-0,017218
-0,016279
-0,011714
-0,007471
-0,003703
-0,002289
0,003536
0,004951
0,007137
0,007612
0,009657
0,016883
0,019069
0,022966
0,022811
0,024059
0,030938
0,028906
0,032957
0,03468
0,035773
0,034204
0,037959
0,038576
0,039206
0,039206
0,041855
0,042485
0,039206
0,040299
0,035464
0,039052
0,036557
0,039669
0,03468
0,037175
0,036236
0,035619
0,031401
0,034989
0,035773
0,03468
0,036866
0,037959
0,039361
0,040608
0,042009
0,045918
0,046857
0,048567
0,049647
0,055087
0,054302
0,053994
0,055704
0,054457
0,057414
0,061285
0,057723
0,057723
0,056784
0,055087
0,057414
0,05663
0,053839
0,054611
0,050895
0,045456
0,04903
0,049647
0,043424
0,042009
0,037175
0,035619
0,031092
0,030154
0,028906
0,025627
0,019532
0,021873
0,016099
0,016575
0,009657
0,009181
0,005889
0,004796
0,005105
-0,000399
-0,007162
-0,006365
-0,00904
-0,009824
-0,011393
-0,014543
-0,01219
-0,013129
-0,016742
-0,018954
-0,019584
-0,020535
-0,02195
-0,022747
-0,022117
-0,022426
-0,023531
-0,023686
-0,025743
-0,025113
-0,027325
-0,026849
-0,027633
-0,033638
-0,033163
-0,032533
-0,039322
-0,037419
-0,042948
-0,041688
-0,045944
-0,044375
-0,047693
-0,048477
-0,047371
-0,051962
-0,054032
-0,051962
-0,054341
-0,055614
-0,057826
-0,057041
-0,058301
-0,059896
-0,059729
-0,059099
-0,059574
-0,063689
-0,062108
-0,057196
-0,057671
-0,053081
-0,056874
-0,057517
-0,054662
-0,052605
-0,050535
-0,04705
-0,045944
-0,0439
-0,040261
-0,039322
-0,037265
-0,035683
-0,033317
-0,030475
-0,032841
-0,027955
-0,027633
-0,025589
-0,025113
-0,025435
-0,021641
-0,023686
-0,018478
-0,016433
-0,015019
-0,014852
-0,010608
-0,011869
-0,007317
-0,007947
-0,007625
-0,003228
-0,003382
-0,002919
0,003369
-0,000874
0,001646
0,003369
0,004629
0,006982
0,011856
0,011856
0,012962
0,009657
0,018131
0,016575
0,019224
0,021101
0,02078
0,020008
0,02375
0,024997
0,025306
0,024213
0,02672
0,028585
0,029061
0,027659
0,027029
0,031401
0,029678
0,031092
0,028276
0,029369
0,028906
0,030154
0,026399
0,028585
0,029845
0,028431
0,030308
0,028276
0,026566
0,026245
0,02672
0,026566
0,02375
0,024213
0,021873
0,022811
0,022348
0,018131
0,018131
0,018761
0,014852
0,01453
0,013592
0,014055
0,012332
0,013437
0,008718
0,011393
0,007458
0,008718
0,005414
0,006828
0,004475
0,003369
-0,002289
-0,000399
-0,000553
-0,001967
-0,00904
-0,005581
-0,005581
-0,006365
-0,008731
-0,007625
-0,008101
-0,006687
-0,009361
-0,01219
-0,011869
-0,007471
-0,012023
-0,010454
-0,012023
-0,012807
-0,012499
-0,012653
-0,01219
-0,013437
-0,015328
-0,013129
-0,015019
-0,017218
-0,014222
-0,013437
-0,016909
-0,014389
-0,018015
-0,016742
-0,019751
-0,02069
-0,020214
-0,02006
-0,019584
-0,018478
-0,019751
-0,023056
-0,020857
-0,019584
-0,018645
-0,018645
-0,020214
-0,016742
-0,018015
-0,013759
-0,015173
-0,015328
-0,016279
-0,013759
-0,013437
-0,0103
-0,00967
-0,009361
-0,007625
-0,011714
-0,008885
-0,00967
-0,00904
-0,007947
-0,006211
-0,010146
-0,005902
-0,004488
-0,005902
-0,005118
-0,004796
-0,008564
-0,009361
-0,007471
-0,011393
-0,009361
-0,009194
-0,010608
-0,009361
-0,008731
-0,008564
-0,008885
-0,006532
-0,005748
-0,004488
-0,006995
-0,002597
-0,001029
-0,002289
0,000386
-0,001029
0,002585
0,001646
0,007137
0,004166
0,007304
0,006044
0,008397
0,008397
0,011856
0,011547
0,011856
0,013592
0,016883
0,017346
0,014685
0,01201
0,013746
0,017038
0,016575
0,017501
0,017668
0,017822
0,016575
0,014055
0,016729
0,01579
0,014222
0,014376
0,016099
0,013116
0,014222
0,014222
0,011856
0,010133
0,012486
0,009811
0,01201
0,011856
0,009657
0,011226
0,007137
0,011547
0,004166
0,007458
0,009027
0,006365
0,008397
0,004321
0,008088
0,007137
0,005259
0,006519
0,006044
0,004321
0,003536
0,002585
0,006982
0,0018
0,002122
0,000862
0,000231
0,002276
-0,001659
-0,000399
-0,000874
-0,001813
-0,002919
-0,005272
-0,005748
-0,004796
-0,005581
-0,004642
-0,005426
-0,009978
-0,006056
-0,005118
-0,00904
-0,008255
-0,009824
-0,010608
-0,006532
-0,006211
-0,006532
-0,006841
-0,00778
-0,005748
-0,006995
-0,004166
-0,009361
-0,005272
-0,006365
-0,005902
-0,006532
-0,003858
-0,002919
-0,004012
-0,005581
-0,001337
-0,002597
-0,005118
-0,004012
-0,003858
-0,001504
-0,003703
-0,004642
-0,002289
-0,002597
-0,003382
-0,005581
-0,003228
-0,002919
-0,002597
-0,002289
-0,000399
-0,001659
0,001492
-0,002597
-0,004796
-0,002752
-0,004488
-0,005902
-0,004166
-0,002289
-0,005272
-0,001183
-0,001337
-0,002752
-0,002443
-0,001029
-0,003073
-0,001813
-0,003228
-0,003536
-0,004333
-0,003536
-0,001659
-0,003858
-0,002919
-0,001337
-0,003703
-0,002443
-0,005748
-0,002289
-0,002919
-0,004333
-0,002597
0,00054
-0,003382
-0,002597
-0,003703
-0,004166
-0,004166
-0,004488
-0,000553
-0,002752
-0,004796
-0,006056
-0,003382
-0,001183
-0,001967
-0,002122
-0,003858
-0,005118
-0,002597
-0,006687
-0,004951
-0,007471
-0,007625
-0,005748
-0,002122
-0,003703
-0,006532
-0,002597
-0,004333
-0,007317
-0,004796
-0,006365
-0,005748
-0,005581
-0,002122
-0,007471
-0,005426
-0,006365
-0,006687
-0,00778
-0,004333
-0,005748
-0,004796
-0,008564
-0,00904
-0,004951
-0,004951
-0,005118
-0,005272
-0,005581
-0,004796
-0,003858
-0,005426
-0,004166
-0,006687
-0,005118
-0,004166
-0,004951
-0,003382
-0,003858
-0,004166
-0,005902
-0,002122
-0,004488
-0,003228
-0,001659
-0,002122
-0,003382
-0,001504
-0,002597
-0,002597
-0,001504
-0,002289
-0,004951
-0,000244
-0,001504
-0,002919
-0,002122
0,00054
-0,001813
-0,001029
0,001016
0,00054
0,001016
-0,000399
0,00243
-0,000553
0,002752
0,001955
0,002906
0,005105
0,005259
0,003999
0,003999
0,001955
0,003999
0,006365
0,003999
0,003215
0,005259
0,004166
0,005259
0,006365
0,006211
0,005735
0,004629
0,003999
0,006828
0,003369
0,007458
0,008242
0,005735
0,007934
0,011071
0,008718
0,009027
0,005889
0,007934
0,009348
0,010917
0,007137
0,005414
0,007137
0,009181
0,008551
0,010287
0,009348
0,010917
0,007767
0,007767
0,007612
0,009503
0,008873
0,004166
0,005735
0,007767
0,007304
0,007612
0,007458
0,006674
0,008551
0,004629
0,006674
0,005105
0,006828
0,006519
0,009027
0,006044
0,007934
0,005105
0,006828
0,005735
0,005889
0,006044
0,006982
0,005581
0,007612
0,004321
0,010133
0,004321
0,004951
0,005889
0,008088
0,005105
0,003369
0,004796
0,007458
0,005414
0,006828
0,002906
0,006828
0,007304
0,004951
0,005414
0,004951
0,007767
0,007458
0,0018
0,006365
0,008242
0,006211
0,007612
0,004475
0,006519
0,008551
0,011226
0,005105
0,007934
0,009181
0,009503
0,010287
0,010133
0,01264
0,008242
0,009503
0,009657
0,010596
0,01264
0,011547
0,009503
0,011547
0,008088
0,011226
0,009811
0,007612
0,007934
0,010287
0,004629
0,004321
0,004951
0,005259
0,009657
0,004475
0,004951
0,004475
0,002585
0,0018
0,00117
0,001646
-0,000707
-9E-05
0,003369
0,0018
0,002585
0,004166
0,005889
0,00306
0,004951
0,005414
0,006828
0,006828
0,008242
0,009811
0,011547
0,014055
0,013746
0,012332
0,01579
0,016408
0,017976
0,021255
0,02141
0,027492
0,024843
0,026566
0,024534
0,025152
0,020947
0,016729
0,012332
0,006828
0,002276
-0,012807
-0,017218
-0,022117
-0,025589
-0,036634
-0,035529
-0,041688
-0,043732
-0,041534
-0,039631
-0,039155
-0,040261
-0,034423
-0,030797
-0,029845
-0,023377
-0,025113
-0,020214
-0,016588
-0,014389
-0,006841
-0,007317
-0,001504
-0,003382
0,002122
0,002276
0,006982
0,009503
0,010596
0,009181
0,011547
0,010133
0,009027
0,008551
0,005889
0,002585
0,004166
0,005414
0,003369
0,00054
0,003215
0,003536
0,002906
0,006828
0,007934
0,00369
0,008242
0,007304
0,011071
0,009027
0,012807
0,009811
0,011701
0,011226
0,010287
0,01327
0,01579
0,01327
0,015315
0,014376
0,016883
0,020947
0,019854
0,018915
0,018439
0,019224
0,018439
0,020471
0,018594
0,021255
0,017976
0,019687
0,016575
0,01201
0,014376
0,014055
0,011393
0,011701
0,009503
0,006365
0,007137
0,007612
0,004796
0,007137
0,006044
0,00243
0,005735
0,006044
0,003999
0,006211
0,004475
0,005414
0,00369
0,004166
0,005581
0,002752
0,002585
0,001646
0,0018
0,000386
-0,000553
7,7E-05
-0,003536
-0,005118
-0,001504
-0,001337
-0,004951
-0,005118
-0,003703
-0,003858
-0,006532
-0,005272
-0,00778
-0,007162
-0,00904
-0,011393
-0,014389
-0,014852
-0,012344
-0,014852
-0,011393
-0,012653
-0,011084
-0,014067
-0,014222
-0,012807
-0,011084
-0,015328
-0,00967
-0,012974
-0,010776
-0,013129
-0,013605
-0,012499
-0,011393
-0,009194
-0,009194
-0,01093
-0,00904
-0,00841
-0,007317
-0,006532
-0,006211
-0,005902
-0,002752
-0,006532
-0,006056
-0,003703
-0,004166
-0,003382
-0,004166
-0,002597
-0,001029
-0,001029
-0,002443
-0,003858
-0,003536
-0,002289
-0,001504
0,00054
0,002122
0,000231
0,002276
0,00306
-0,001813
0,001337
0,000862
-0,001337
-0,000244
0,001337
0,0018
-0,003228
-0,003858
0,001646
-0,002289
0,002752
0,001955
0,002585
0,00243
0,006211
0,004475
0,004796
0,004951
0,006044
0,004796
0,008088
0,004321
0,004629
0,009027
0,009181
0,011071
0,008397
0,009348
0,008873
0,011393
0,008873
0,012177
0,011701
0,01201
0,010596
0,009657
0,010441
0,008873
0,008397
0,010133
0,009503
0,008551
0,009348
0,008718
0,009657
0,009348
0,010133
0,011226
0,008397
0,008551
0,010133
0,009027
0,009181
0,007767
0,006044
0,008397
0,006519
0,003215
0,005414
0,004796
0,004166
0,004796
0,003845
0,005735
0,004629
-0,001183
0,00369
7,7E-05
0,001646
0,000386
0,001337
0,002276
0,00054
-0,000244
0,00117
0,00243
0,004629
0,002276
-0,000553
0,001016
0,001646
-0,001337
0,000707
0,000862
0,000707
0,002752
0,001337
0,000707
-0,004012
-0,002122
-0,002443
-0,008101
-0,003858
-0,009194
-0,006365
-0,011084
-0,008885
-0,008101
-0,010146
-0,009361
-0,0103
-0,010608
-0,01219
-0,01156
-0,0103
-0,012499
-0,007471
-0,008885
-0,009515
-0,008564
-0,008255
-0,00841
-0,008885
-0,008731
-0,006211
-0,006365
-0,007947
-0,005272
-0,006365
-0,006211
-0,006532
-0,004012
-0,001659
-0,002919
-0,002919
-0,002289
0,00117
-0,000399
-0,001813
7,7E-05
-0,000874
-0,000874
0,00243
0,00054
0,000707
0,001646
-0,000707
-0,001337
-0,000707
-0,001659
0,00306
0,00306
-0,002752
0,002585
0,001016
0,001016
0,003845
0,001337
0,000231
0,000862
0,001016
-0,001183
0,003845
0,000707
-0,000399
7,7E-05
0,000231
-0,001029
0,002585
0,00117
0,001016
0,00054
-0,004333
-0,001967
-0,003703
-0,003073
-0,005118
-0,006841
-0,005426
-0,005902
-0,001337
-0,005581
-0,009978
-0,00967
-0,006211
-0,0103
-0,010146
-0,011869
-0,009824
-0,009824
-0,008101
-0,014543
-0,009515
-0,012023
-0,01219
-0,01093
-0,012499
-0,014543
-0,011084
-0,012023
-0,009361
-0,012974
-0,01156
-0,012499
-0,013283
-0,013283
-0,012974
-0,01156
-0,009978
-0,012653
-0,013129
-0,01093
-0,009515
-0,012653
-0,008255
-0,008885
-0,009515
-0,012807
-0,010776
-0,009194
-0,012023
-0,01156
-0,011084
-0,011714
-0,0103
-0,009194
-0,012023
-0,013437
-0,010454
-0,011869
-0,014067
-0,011084
-0,00904
-0,009361
-0,010454
-0,011869
-0,012807
-0,013759
-0,011084
-0,011393
-0,007625
-0,007471
-0,009361
-0,010146
-0,010146
-0,006365
-0,00841
-0,010608
-0,010608
-0,005902
-0,007317
-0,006056
-0,008564
-0,007471
-0,005902
-0,005581
-0,007162
-0,005426
-0,007947
-0,002443
-0,007162
-0,004796
-0,004012
-0,004166
-0,004488
-0,002122
-0,004642
-0,004333
-0,001813
-0,000874
-0,001029
-0,005748
-0,004796
-0,003382
0,000386
-9E-05
-0,003858
-0,003858
-0,003382
-0,002919
-0,004796
-0,006687
-0,005902
-0,005426
-0,004642
-0,006532
-0,005426
-0,006365
-0,00967
-0,00904
-0,004951
-0,007317
-0,00778
-0,006365
-0,007471
-0,008885
-0,009194
-0,010608
-0,011084
-0,009515
-0,010454
-0,010608
-0,011393
-0,013129
-0,013129
-0,013759
-0,015636
-0,012807
-0,014389
-0,014543
-0,016112
-0,014389
-0,016112
-0,015636
-0,015328
-0,013437
-0,012653
-0,011869
-0,014067
-0,014222
-0,015482
-0,013129
-0,013759
-0,011869
-0,015958
-0,011714
-0,011239
-0,016588
-0,015328
-0,014067
-0,013759
-0,013283
-0,014852
-0,015636
-0,013605
-0,013437
-0,011084
-0,01219
-0,011239
-0,014389
-0,015019
-0,011714
-0,012974
-0,009978
-0,008885
-0,006365
-0,0103
-0,007947
-0,007471
-0,007471
-0,006532
-0,007162
-0,007317
-0,003228
-0,001659
-0,002752
-0,002919
-0,002443
-0,001659
-0,000707
-0,001504
0,000862
0,001016
0,002585
0,002276
0,000707
0,000707
0,004629
0,005259
0,000386
0,007304
0,007934
0,007767
0,006211
0,007304
0,006365
0,007137
0,008397
0,007458
0,009348
0,008088
0,009657
0,010763
0,010763
0,014055
0,010917
0,012332
0,014055
0,010441
0,013746
0,010596
0,016883
0,017192
0,016729
0,014685
0,016408
0,018131
0,016729
0,018131
0,017038
0,016253
0,017976
0,017346
0,017668
0,020008
0,018594
0,02204
0,019854
0,02204
0,021101
0,023596
0,021101
0,021101
0,020471
0,019687
0,023596
0,022811
0,02438
0,02141
0,018761
0,02141
0,020471
0,019224
0,018285
0,020471
0,019069
0,019378
0,017976
0,018594
0,019854
0,017976
0,017668
0,017501
0,017192
0,018285
0,015636
0,016729
0,017192
0,015315
0,015636
0,017668
0,01453
0,016729
0,016408
0,015636
0,01264
0,0139
0,01264
0,01516
0,012332
0,015006
0,008397
0,009811
0,008873
0,010596
0,009978
0,009181
0,008397
0,010441
0,006519
0,005889
0,006674
0,007934
0,009503
0,008551
0,007934
0,007934
0,005889
0,005889
0,010133
0,008242
0,008088
0,009978
0,008718
0,010441
0,006519
0,010596
0,009181
0,009027
0,009027
0,008873
0,009503
0,010763
0,008873
0,009978
0,01201
0,009657
0,009811
0,008873
0,008088
0,010441
0,009657
0,010287
0,008242
0,011701
0,006674
0,010441
0,007612
0,009027
0,010133
0,007767
0,009657
0,008873
0,006674
0,006519
0,009348
0,009027
0,007137
0,006674
0,007934
0,007934
0,008873
0,007767
0,008551
0,007304
0,011547
0,009348
0,009657
0,01201
0,008718
0,010133
0,010596
0,008718
0,009811
0,010763
0,011547
0,009348
0,008718
0,010917
0,007304
0,011856
0,009181
0,008718
0,009181
0,007137
0,008397
0,008718
0,006674
0,007612
0,004796
0,006674
0,00369
0,008873
0,005414
0,002122
-9E-05
0,003845
0,002906
0,002276
0,00243
0,0018
0,005581
0,002906
0,003215
0,00054
7,7E-05
0,001646
0,000707
0,00117
-0,000553
0,001016
0,00054
-0,000553
0,001016
-9E-05
7,7E-05
0,004166
0,001955
0,002276
0,00243
-0,000244
-0,000553
-0,003228
0,00054
-9E-05
-0,002122
-0,003536
-0,000707
-0,000707
-0,001967
-0,000399
-0,003382
-0,003382
-0,004488
-0,003228
-0,003703
-0,003382
-0,005272
-0,006687
-0,007162
-0,007471
-0,007317
-0,005748
-0,004796
-0,004333
-0,004488
-0,005272
-0,004951
-0,006532
-0,007162
-0,004333
-0,005902
-0,009361
-0,006841
-0,008731
-0,006056
-0,008101
-0,007471
-0,006211
-0,006995
-0,004333
-0,005118
-0,00841
-0,007625
-0,007162
-0,006687
-0,004166
-0,004796
-0,006211
-0,005272
-0,003228
-0,003858
-0,005581
-0,001504
-0,001504
-0,002443
-0,001504
-0,003703
-0,001183
-0,003536
-0,003858
-0,001183
-0,000874
-0,000399
-0,000874
-0,000707
-0,002752
-0,000874
-0,001337
0,001646
-0,001659
-0,002919
-0,000399
-0,000707
0,001337
-0,000244
-0,000707
0,002276
0,002752
0,000231
-0,000244
-0,001183
0,000862
0,00306
0,002906
0,005414
0,001646
0,001955
0,003999
0,00306
0,002752
0,006365
0,004475
0,001646
0,003369
0,004475
0,007934
0,003999
0,005889
0,005259
0,002276
0,001955
0,002122
0,006982
0,004321
0,003369
0,00306
0,003845
0,004166
0,005259
0,003369
0,00243
0,005105
0,005581
0,006828
0,007304
0,004166
0,0018
0,003999
0,004796
0,006828
0,003999
0,004951
0,005889
0,004796
0,006365
0,005735
0,003845
0,006044
0,006982
0,007934
0,008873
0,008551
0,008718
0,010133
0,010763
0,006044
0,006828
0,010133
0,008088
0,007137
0,010917
0,007767
0,006044
0,010287
0,007934
0,009978
0,008551
0,008551
0,007767
0,006828
0,009181
0,008551
0,008242
0,007137
0,006828
0,006044
0,004321
0,006674
0,006982
0,008242
0,005581
0,004321
0,005735
0,003999
0,004166
0,006519
0,005889
0,005414
0,00243
0,005259
0,004629
0,003845
0,001955
0,002276
0,004629
0,003369
-0,000874
0,0018
0,003215
0,00306
0,001016
0,00117
-0,000244
-0,002443
-0,000244
-0,001659
-0,001029
-0,001813
-0,002122
-0,002122
-0,005748
-0,003536
-0,004012
-0,001029
-0,002752
-0,003228
-0,006056
-0,003073
-0,006841
-0,003536
-0,008885
-0,005581
-0,00778
-0,006995
-0,00967
-0,005118
-0,00778
-0,008564
-0,008885
-0,013913
-0,009361
-0,007947
-0,007471
-0,01156
-0,005581
-0,006995
-0,009978
-0,005902
-0,005902
-0,003382
-0,005748
-0,002289
-0,000399
-0,001967
-0,000874
-9E-05
-0,001183
-0,002597
0,000707
0,000707
0,0018
-0,003073
-0,001183
0,001492
-0,000244
-0,000553
-0,002122
-0,001504
-0,003228
-0,004951
-0,003073
-0,003382
-0,007471
-0,002289
-0,003382
-0,005581
-0,006056
-0,005581
-0,005902
-0,007947
-0,007317
-0,005272
-0,004012
-0,005581
-0,003228
-0,006532
-0,003073
-0,006532
-0,004642
-0,003228
-0,004166
-0,004488
-0,004012
-0,001967
-0,002443
-0,001813
-0,000553
-0,002443
-0,000707
-0,000707
-0,001337
0,00054
-0,001659
-0,000244
0,002585
0,000386
-0,002122
0,002585
0,002585
0,002122
0,002585
0,003999
0,005581
0,00243
0,004321
0,006211
0,006044
0,006365
0,003999
0,006982
0,006211
0,006674
0,006828
0,005105
0,004796
0,006828
0,005414
0,007458
0,006519
0,006044
0,005889
0,008873
0,004796
0,002276
0,004475
0,004475
0,001337
0,002276
7,7E-05
0,001646
0,001955
0,00117
-0,000707
-0,000874
-0,001659
-0,002289
-0,002752
-0,001504
-0,004166
-0,002122
-0,001504
-0,002443
-0,003382
-0,005902
-0,002597
-0,003228
-0,004012
-0,005902
-0,002289
-0,002597
-0,002443
-0,006532
-0,005748
-0,003228
-0,00841
-0,006211
-0,005272
-0,008885
-0,007162
-0,007317
-0,010146
-0,005118
-0,006365
-0,01156
-0,0103
-0,007947
-0,011239
-0,011869
-0,012023
-0,00904
-0,010776
-0,0103
-0,010454
-0,00904
-0,011714
-0,009515
-0,011869
-0,008731
-0,00904
-0,006841
-0,008255
-0,008564
-0,00841
-0,005748
-0,00904
-0,005426
-0,004796
-0,004951
-0,002919
-0,00778
-0,002752
-0,005118
-0,004333
-0,006211
-0,002919
-0,002122
-0,006056
-0,004642
-0,003073
-0,001967
-0,004012
-0,005272
-0,001337
-0,003382
-0,001504
-0,003382
-0,004166
-0,004333
-0,002597
-0,002752
-0,003073
-0,004012
-0,002289
-0,001967
-0,001659
0,001016
-0,002752
-0,002919
-0,001183
0,000386
-0,001337
-0,004951
-0,004012
0,001016
0,002122
-0,002597
-9E-05
-0,001659
-0,000553
-0,001659
-9E-05
-0,001029
0,002122
0,00306
0,000386
0,000386
0,000707
0,00054
-0,001337
7,7E-05
0,00054
-0,001029
7,7E-05
-0,002597
-0,003703
-0,003382
-0,000553
-0,005426
-0,004951
-0,005581
-0,007471
-0,004642
-0,00841
-0,010608
-0,006532
-0,006841
-0,008731
-0,010146
-0,007625
-0,007162
-0,010776
-0,006995
-0,006056
-0,007471
-0,007625
-0,008564
-0,005581
-0,006532
-0,006532
-0,003703
-0,003703
-0,004333
-0,006211
-0,008101
-0,006211
-0,003858
-0,006995
-0,00778
-0,004642
-0,007162
-0,00778
-0,006841
-0,008731
-0,007162
-0,007947
-0,007471
-0,004333
-0,00778
-0,006687
-0,009361
-0,008564
-0,00967
-0,01156
-0,00778
-0,009361
-0,006687
-0,006365
-0,003536
-0,006056
-0,008255
-0,006841
-0,004642
-0,002597
-0,005426
-0,004951
-0,002289
-0,003228
-0,003382
-0,002289
-0,001337
-0,001659
0,001492
-0,002122
-0,002752
-0,002752
-0,001967
-0,002597
-0,002443
-0,004642
-0,000707
-0,004642
-9E-05
-0,002289
-0,003073
-0,000874
-0,005272
-0,001659
-0,001659
-0,001183
-0,001813
-0,000553
-0,002752
-0,004333
-0,001029
-0,000399
-0,001504
-0,002289
-0,001337
-0,001813
-0,002752
-0,001967
-0,002289
-0,004951
-0,001504
-0,000244
-0,003073
-0,005426
-0,005902
-0,004012
-0,007162
-0,004333
-0,004796
-0,002443
-0,001029
-0,005426
-0,004796
-0,003382
-0,001967
0,0018
-0,001967
-0,002122
0,000707
0,00117
0,0018
0,003369
0,004951
0,003845
0,00054
0,003845
0,004475
0,00306
0,0018
0,005259
0,004475
0,002906
0,00117
0,001955
-0,001659
-0,003536
-0,004488
-0,001183
-0,001967
-0,002752
-0,001813
-0,001813
-0,000874
-0,002597
-0,004166
-0,003536
-0,002919
-0,004166
-0,004796
-0,005748
-0,004488
-0,004166
-0,001337
-0,000553
0,000386
0,001955
0,000862
0,002276
0,002906
0,008873
0,00306
0,006211
0,006365
0,006519
0,009978
0,006828
0,007612
0,007767
0,008873
0,008397
0,006982
0,006828
0,010763
0,010133
0,007934
0,009348
0,006519
0,007304
0,005414
0,002276
0,004475
0,003536
0,006982
0,004629
0,006044
0,003536
0,003536
0,007934
0,007612
0,007137
0,006044
0,006674
0,008551
0,00369
0,007458
0,008242
0,008088
0,009348
0,008088
0,007137
0,006519
0,010287
0,011071
0,009657
0,007767
0,008088
0,006828
0,008551
0,007934
0,005735
0,008088
0,007137
0,006044
0,007304
0,005259
0,002906
0,000231
0,001492
0,002906
0,002906
-0,001504
-0,001504
-0,000707
-0,002752
-0,001813
-0,004951
-0,003382
-0,001967
-0,003228
-0,003703
-0,001504
-0,004333
-0,003858
-0,001659
-0,004642
-0,005748
-0,004166
-0,001183
0,00054
-0,004488
-0,006211
-0,000244
-0,002752
-0,001967
-0,002597
-0,001659
-0,004951
-0,002289
-0,000399
-0,002919
-0,004488
-0,002122
-0,002122
-0,005118
-0,001659
-0,003382
-0,001967
-0,000553
-0,000874
-0,002919
-0,001029
-0,001183
0,00117
-0,003382
-0,002443
-0,000399
-0,000707
7,7E-05
0,000862
-0,000244
-0,001337
-0,001967
-0,001337
0,001016
-0,000553
0,001492
0,005414
0,002276
0,004475
-9E-05
0,001337
0,007137
0,004321
0,005259
0,005105
0,006044
0,005581
0,003999
0,006519
0,004166
0,002906
0,005105
0,002752
0,004796
0,006211
0,00369
0,00243
-0,000707
0,00306
0,004321
0,004321
-0,001504
0,000386
0,002752
0,001016
7,7E-05
0,002752
0,003369
0,003845
0,001492
-0,001504
0,00054
0,001492
0,001955
0,001646
-0,000399
0,002585
0,003845
0,000707
0,003369
0,00054
-0,000399
0,001492
0,000862
-0,002289
0,00117
0,001492
-0,001504
-0,001813
-0,002752
0,000707
-0,001504
-0,000399
-0,000707
-0,003073
-0,000707
-0,000874
0,00243
-0,001183
-0,000874
0,002752
0,001646
-9E-05
0,000862
-0,002289
0,001016
-0,001183
-0,000553
-0,001967
-9E-05
-0,002919
0,002752
-0,002752
-0,000244
-0,001029
-0,001029
0,001492
-0,001967
0,002122
0,000707
-0,000553
0,005105
0,002585
0,001955
0,004475
0,002122
-0,001967
0,004629
-0,001337
0,002585
0,00117
0,000707
0,003369
0,003999
0,005105
0,004166
0,002276
0,002752
0,004166
0,0018
0,002752
0,002752
0,000231
0,001646
-0,001337
0,002585
0,001955
-9E-05
-0,000244
-0,001029
0,000862
0,002276
-0,004166
-0,000244
0,00243
0,002122
0,002906
0,001646
0,000231
0,006519
0,002122
0,003369
0,003215
0,006211
0,006211
0,006982
0,005581
0,006519
0,008397
0,006982
0,006982
0,010917
0,007934
0,007934
0,008242
0,011226
0,009811
0,011701
0,008718
0,012807
0,010287
0,010763
0,008551
0,008397
0,009811
0,008873
0,007767
0,006519
0,009811
0,009027
0,008718
0,006828
0,006674
0,007137
0,007458
0,006828
0,007458
0,008088
0,005259
0,009811
0,011393
0,009027
0,009027
0,005889
0,007458
0,011701
0,007137
0,008397
0,009503
0,007934
0,012332
0,011226
0,010287
0,010763
0,011071
0,008088
0,013116
0,010763
0,009027
0,006519
0,010287
0,008088
0,007612
0,006519
0,007767
0,005735
0,007612
0,006828
0,005259
0,008088
0,006828
0,008397
0,00306
0,006519
0,009181
0,004166
0,004796
0,005889
0,003536
0,003999
0,005889
0,003845
0,00243
0,007137
0,003845
0,004951
0,008088
0,004166
0,004629
0,005581
0,003845
0,003536
0,0018
0,004796
0,006674
0,004475
0,005259
0,005581
0,005259
0,005105
0,006828
0,005735
0,007137
0,005259
0,004951
0,006828
0,005581
0,003536
0,004629
0,00369
0,002906
-0,001029
0,004951
0,001955
0,004951
-0,000399
0,002585
0,003536
0,000862
-0,000399
0,000231
0,004166
0,0018
-0,000707
7,7E-05
0,001337
-0,000874
0,002122
0,00117
0,000386
-9E-05
0,003215
0,006982
0,004629
0,00306
0,006674
0,002122
0,002276
0,000386
0,003845
0,002122
0,003369
0,003215
0,0018
-0,000874
0,003536
0,00243
0,001955
0,000386
-0,001813
-0,001504
-0,000707
-0,000553
-0,004333
-0,002919
-0,001183
-0,004012
-0,002122
0,000862
-0,001813
-0,004012
0,002276
0,00054
-0,003228
-0,002122
-0,001029
-0,001813
-0,003703
-0,003858
-0,002752
-0,006532
-0,007625
-0,006211
-0,006995
-0,008885
-0,006995
-0,006532
-0,010146
-0,007317
-0,007471
-0,006687
-0,008255
-0,01093
-0,011084
-0,00904
-0,01219
-0,011393
-0,009978
-0,009978
-0,00967
-0,01156
-0,012344
-0,00841
-0,010776
-0,009824
-0,010454
