-0,003549
-0,005864
-0,006185
-0,0085
-0,004873
-0,005529
-0,005195
-0,007175
-0,011457
-0,011136
-0,012782
-0,009811
-0,006841
-0,012126
-0,009811
-0,007509
-0,010801
-0,007509
-0,011136
-0,008821
-0,010146
-0,007175
-0,006185
-0,007509
-0,007831
-0,003549
-0,006519
-0,004873
-0,003228
-0,005195
-0,006519
-0,005864
-0,006841
-0,006519
-0,006185
-0,007509
-0,00949
-0,007175
-0,007831
-0,007509
-0,011136
-0,00949
-0,009811
-0,010801
-0,011136
-0,014427
-0,012782
-0,012782
-0,014093
-0,014762
-0,018375
-0,019687
-0,022657
-0,021333
-0,022657
-0,02528
-0,025949
-0,026605
-0,031208
-0,032198
-0,030218
-0,037792
-0,040093
-0,039103
-0,036802
-0,046999
-0,049236
-0,053055
-0,056231
-0,057826
-0,060693
-0,066737
-0,066737
-0,06801
-0,070247
-0,071199
-0,071829
-0,073423
-0,071199
-0,073102
-0,074696
-0,075648
-0,076921
-0,076612
-0,080328
-0,08002
-0,08092
-0,078824
-0,077885
-0,074375
-0,06801
-0,068653
-0,061645
-0,058469
-0,054958
-0,051139
-0,036146
-0,030552
-0,029562
-0,018054
-0,012447
0,000733
0,001389
0,017166
0,026206
0,035259
0,042357
0,049352
0,046883
0,058867
0,061015
0,068987
0,074208
0,072677
0,080791
0,085626
0,088185
0,095579
0,096145
0,100118
0,103255
0,107229
0,107229
0,111125
0,114005
0,111382
0,115047
0,115831
0,116358
0,115574
0,112437
0,112694
0,111909
0,110341
0,112437
0,109505
0,103255
0,103255
0,105531
0,100401
0,100697
0,102677
0,098138
0,093303
0,091027
0,085909
0,088185
0,076972
0,077885
0,066531
0,061632
0,051191
0,049043
0,040106
0,034603
0,025885
0,029112
0,016523
0,008963
0,008628
0,004681
7,7E-05
-0,003549
-0,0085
-0,010467
-0,011791
-0,012782
-0,015418
-0,020355
-0,016729
-0,019365
-0,016729
-0,015739
-0,016729
-0,012782
-0,013772
-0,010467
-0,007509
-0,003883
-0,002237
-0,003883
-0,004539
-0,003549
-0,012126
-0,007509
-0,012126
-0,016729
-0,021667
-0,021667
-0,026605
-0,031864
-0,033175
-0,037457
-0,042061
-0,042061
-0,051139
-0,049545
-0,05528
-0,053376
-0,058469
-0,059742
-0,063239
-0,069604
-0,069604
-0,068974
-0,07215
-0,073102
-0,076921
-0,078824
-0,078515
-0,078824
-0,076291
-0,074696
-0,076291
-0,079724
-0,073745
-0,071199
-0,073102
-0,070556
-0,064512
-0,064191
-0,065785
-0,063239
-0,06005
-0,056231
-0,05465
-0,051782
-0,047963
-0,045018
-0,039438
-0,033844
-0,026605
-0,022979
-0,017385
-0,017385
-0,014427
-0,005529
-0,002237
0,001723
0,004681
0,007972
0,011599
0,0139
0,018452
0,01943
0,019108
0,0233
0,02492
0,030732
0,032674
0,033638
0,030411
0,034281
0,034281
0,035259
0,035259
0,035259
0,039129
0,037522
0,039772
0,034603
0,037187
0,034281
0,035902
0,037187
0,036223
0,037843
0,038165
0,037187
0,035902
0,038808
0,039129
0,039451
0,044298
0,041714
0,044941
0,046561
0,047822
0,049352
0,049043
0,054264
0,052425
0,053338
0,053955
0,053955
0,055794
0,057337
0,054264
0,056103
0,052734
0,053955
0,051499
0,051499
0,050895
0,043334
0,04624
0,04462
0,039772
0,036866
0,030732
0,031697
0,032018
0,027505
0,025563
0,019751
0,017488
0,012254
0,006982
0,005015
0,002045
0,004681
-0,000592
-0,003228
-0,007509
-0,011136
-0,013772
-0,015083
-0,023313
-0,019031
-0,027916
-0,029228
-0,028906
-0,031208
-0,032854
-0,034166
-0,032854
-0,038448
-0,037123
-0,036467
-0,038769
-0,037123
-0,040749
-0,039438
-0,043385
-0,039759
-0,040749
-0,041739
-0,043051
-0,043707
-0,044363
-0,044363
-0,046664
-0,047642
-0,051139
-0,048915
-0,050509
-0,049236
-0,051782
-0,04732
-0,048593
-0,047963
-0,048915
-0,048593
-0,051461
-0,047642
-0,049545
-0,050509
-0,048593
-0,050188
-0,047963
-0,045687
-0,046664
-0,042717
-0,040093
-0,040415
-0,037457
-0,035156
-0,032854
-0,028251
-0,028906
-0,026926
-0,023969
-0,022657
-0,020677
-0,019031
-0,018709
-0,015418
-0,013103
-0,015418
-0,013772
-0,009811
-0,009155
-0,0085
-0,008821
-0,005529
-0,006519
-0,004539
-0,003549
-0,000913
7,7E-05
-0,000913
0,001389
-0,000913
0,000399
0,005671
0,008963
0,006982
0,009953
0,007972
0,01192
0,012254
0,012254
0,013244
0,016845
0,022657
0,019751
0,018452
0,0233
0,023621
0,025563
0,0233
0,027183
0,027505
0,027183
0,028791
0,029768
0,028469
0,027183
0,027826
0,027826
0,026528
0,028148
0,03396
0,030411
0,031697
0,027826
0,032674
0,032674
0,032018
0,029768
0,033638
0,03396
0,03396
0,029768
0,031375
0,029446
0,029446
0,027505
0,029446
0,027183
0,029112
0,026206
0,025885
0,02492
0,023943
0,023621
0,023943
0,022014
0,023621
0,020072
0,016845
0,01943
0,018131
0,018774
0,01489
0,014222
0,015868
0,012576
0,013244
0,012576
0,0139
0,010608
0,006326
0,006005
0,007317
0,009284
0,010608
0,006005
0,006005
0,006982
0,006326
0,006326
0,004681
0,006326
0,006648
0,006005
0,006326
0,002379
0,004359
0,003035
0,00369
0,004025
0,002713
0,005336
0,008628
0,004359
0,005015
0,005015
0,001723
0,004025
0,001723
0,005336
0,004681
0,002045
0,002713
0,003035
0,000733
0,000399
-0,003549
-0,001247
0,000399
-0,003549
-0,002559
-0,004205
-0,002893
-0,003549
-0,004205
-0,001247
-0,002237
-0,003228
-0,003228
-0,005864
-0,001903
-0,004873
-0,006841
-0,005864
-0,007175
-0,005529
-0,007831
-0,006519
-0,011136
-0,005864
-0,00949
-0,0085
-0,008821
-0,008821
-0,006841
-0,010801
-0,0085
-0,0085
-0,007509
-0,009811
-0,010467
-0,012782
-0,010146
-0,010467
-0,011791
-0,013103
-0,014093
-0,016408
-0,015418
-0,015739
-0,014762
-0,014762
-0,014762
-0,017719
-0,015739
-0,012126
-0,016073
-0,013772
-0,013437
-0,013437
-0,015418
-0,011457
-0,012447
-0,010801
-0,011136
-0,011457
-0,009811
-0,013437
-0,007831
-0,007175
-0,008165
-0,006841
-0,008165
-0,007831
-0,011136
-0,006519
-0,007509
-0,008821
-0,006841
-0,003549
-0,007831
-0,011791
-0,007831
-0,00949
-0,011457
-0,011136
-0,010467
-0,011457
-0,011136
-0,007509
-0,009155
-0,012447
-0,012782
-0,015083
-0,009155
-0,00949
-0,009155
-0,012126
-0,007509
-0,007831
-0,010467
-0,007831
-0,010801
-0,006185
-0,0085
-0,003883
-0,004539
-0,007175
-0,003228
-0,004539
-0,002893
-0,003549
-0,003228
-0,002237
-0,004205
7,7E-05
-0,004873
-0,003228
-0,001247
-0,002237
-0,000913
-0,006185
-0,000592
-0,001903
-0,000913
-0,004539
-0,003549
-0,000257
-0,004205
-0,001247
-0,004539
-0,003228
-0,002559
-0,002237
-0,003549
-0,002559
-0,004205
-0,003883
-0,004873
-0,003228
-0,002893
-0,001569
-0,003228
-0,003883
-0,003228
-0,003549
-0,004873
-0,004205
-0,003228
-0,006185
-0,002559
-0,006519
-0,003549
-0,007175
-0,003549
-0,007509
-0,006185
-0,004873
-0,003549
-0,005195
-0,005195
-0,004205
-0,003228
-0,001569
-0,002893
-0,003228
-0,002237
-0,003883
-0,004539
-0,000592
-0,003228
-0,003549
-0,001247
7,7E-05
-0,000913
-0,002893
0,001067
-0,000913
-0,002893
-0,001247
-0,006841
-0,002893
-0,001569
-0,003228
-0,001903
-0,005195
-0,003883
-0,005864
0,001389
-0,003228
-0,004873
-0,001903
-0,002893
-0,003228
-0,001247
-0,001903
-0,001247
-0,001569
-0,001569
0,000399
0,000399
0,000733
0,002045
0,002713
0,004025
0,005671
0,004359
0,008628
0,007317
0,008628
0,010608
0,012576
0,014222
0,012576
0,012576
0,014556
0,016189
0,015546
0,017166
0,015546
0,020715
0,016523
0,017488
0,020072
0,019108
0,020072
0,020715
0,020072
0,020715
0,0233
0,021693
0,018131
0,023621
0,019751
0,019108
0,022979
0,022336
0,020715
0,019751
0,021358
0,020394
0,021693
0,021037
0,02492
0,021693
0,018774
0,022014
0,020715
0,020394
0,018131
0,019108
0,021037
0,021693
0,01943
0,021358
0,018131
0,01943
0,01489
0,016845
0,016189
0,0139
0,01093
0,009284
0,012254
0,013566
0,011264
0,012254
0,007972
0,008294
0,005015
0,007638
0,002045
0,002045
-0,001569
0,003035
-0,001569
-0,000592
-0,003228
-0,001247
-0,003883
-0,001247
-0,003228
-0,002237
-0,004205
-0,004539
-0,004539
-0,003549
-0,008165
-0,006841
-0,006841
-0,005864
-0,006185
-0,008165
-0,005864
-0,007175
-0,004539
-0,008165
-0,007175
-0,006185
-0,007831
-0,0085
-0,006519
-0,005195
-0,007509
-0,005864
-0,004539
-0,006519
-0,003549
-0,005864
-0,004539
-0,002559
-0,004205
-0,006185
-0,003549
-0,000257
-0,004873
-0,001903
7,7E-05
-0,002237
0,001723
0,001723
0,003369
0,00369
0,007317
0,005336
0,006982
0,007317
0,008628
0,007972
0,010608
0,008628
0,008963
0,009953
0,008963
0,010274
0,01093
0,01093
0,005336
0,008628
0,01192
0,010608
0,010274
0,008963
0,011264
0,01093
0,01192
0,015212
0,01192
0,012576
0,012576
0,016523
0,014222
0,015868
0,013566
0,014222
0,012576
0,015546
0,012254
0,01192
0,010608
0,013244
0,012254
0,011599
0,01291
0,011599
0,011264
0,011264
0,011264
0,009618
0,009953
0,006982
0,007972
0,005336
0,007972
0,008294
0,002713
0,004025
0,003369
0,002713
0,000399
-0,000592
0,000733
-0,001903
-0,002559
-0,002893
-0,004205
-0,004205
-0,006185
-0,003883
-0,004205
-0,007509
-0,0085
-0,0085
-0,006185
-0,0085
-0,008821
-0,010801
-0,011136
-0,010146
-0,011136
-0,011457
-0,011457
-0,011136
-0,013103
-0,010467
-0,010146
-0,014093
-0,017719
-0,016729
-0,013772
-0,017719
-0,017385
-0,016729
-0,018375
-0,018054
-0,016073
-0,018375
-0,018709
-0,016729
-0,016729
-0,018709
-0,019365
-0,018054
-0,017385
-0,017719
-0,011136
-0,015418
-0,013437
-0,012126
-0,012447
-0,009155
-0,007831
-0,010146
-0,008165
-0,008165
-0,008165
-0,007831
-0,006841
-0,004539
-0,002893
-0,005195
-0,004873
-0,004873
-0,004873
-0,004873
-0,003883
-0,002237
-0,002237
-0,000592
-0,000592
-0,002559
0,000733
0,001723
7,7E-05
0,002045
0,003369
0,002713
0,003369
0,004025
0,003369
0,004025
0,00369
0,00369
0,006326
0,006005
0,01093
0,009284
0,009284
0,009284
0,008963
0,010274
0,0139
0,01489
0,015212
0,014222
0,018131
0,015868
0,016845
0,018131
0,020715
0,018452
0,018774
0,015546
0,018774
0,021037
0,01943
0,020072
0,020072
0,018452
0,018774
0,020394
0,018131
0,019751
0,013566
0,020072
0,018452
0,014556
0,015546
0,0139
0,011599
0,01291
0,012576
0,009953
0,009618
0,007972
0,005015
0,002713
0,004681
0,000399
0,004681
0,002713
0,001389
0,000733
-0,000913
-0,004205
-0,001903
-0,003228
-0,004205
-0,005864
-0,007175
-0,008165
-0,005864
-0,006841
-0,009155
-0,011457
-0,006519
-0,013437
-0,009155
-0,011136
-0,012447
-0,012126
-0,011791
-0,010801
-0,017064
-0,015739
-0,013437
-0,013772
-0,012126
-0,011457
-0,013103
-0,014427
-0,015083
-0,012447
-0,011136
-0,010146
-0,010146
-0,012447
-0,007175
-0,008165
-0,007831
-0,006185
-0,006185
-0,006519
-0,006841
-0,003549
-0,002237
-0,004873
-0,004539
-0,006519
-0,001903
-0,001247
0,001723
-0,000592
0,002045
0,001067
0,000733
0,001723
0,003035
0,00369
0,005671
0,003035
0,007638
0,006005
0,007317
0,009618
0,007638
0,006982
0,006648
0,007972
0,008628
0,006982
0,009618
0,008294
0,011264
0,012254
0,009618
0,010608
0,009284
0,013244
0,011264
0,01291
0,012576
0,01192
0,012576
0,01093
0,009953
0,01192
0,011264
0,01093
0,01093
0,011599
0,01291
0,007638
0,010608
0,011264
0,011599
0,008628
0,009618
0,008628
0,007638
0,007638
0,007972
0,005336
0,006326
0,007317
0,006982
0,008294
0,005671
0,005336
0,005336
0,005671
0,005336
0,002713
0,004681
0,003369
-0,000592
-0,000913
-0,002237
-0,000257
-0,005195
-0,004205
-0,005529
-0,005864
-0,00949
-0,007175
-0,010146
-0,007175
-0,015083
-0,011457
-0,012447
-0,013103
-0,011457
-0,016729
-0,014762
-0,014762
-0,015418
-0,016073
-0,016073
-0,016729
-0,015739
-0,016073
-0,015418
-0,012447
-0,015739
-0,015739
-0,017064
-0,016729
-0,013103
-0,016073
-0,010467
-0,017719
-0,017385
-0,016073
-0,012126
-0,012126
-0,013437
-0,014762
-0,013437
-0,013437
-0,015418
-0,012126
-0,013437
-0,012126
-0,009811
-0,011136
-0,008165
-0,008165
-0,013103
-0,009155
-0,008821
-0,010467
-0,010801
-0,006841
-0,006519
-0,004873
-0,002893
-0,007509
-0,005529
-0,008165
-0,004539
-0,004539
-0,004873
-0,005864
-0,001903
-0,001903
0,000399
-0,002237
0,000399
-0,000257
-0,000913
-0,000257
0,001389
-0,000913
0,002045
-0,000592
0,002045
0,002379
0,00369
0,006005
0,003035
0,001723
0,004025
0,001067
0,004681
0,004359
0,004025
0,002045
0,00369
0,002379
0,002045
0,001389
0,006005
0,005015
0,007317
0,004025
0,005336
0,006005
0,006005
0,002713
0,004359
0,002045
0,002379
0,006005
0,002379
0,005015
0,004025
0,005015
0,005671
0,002379
0,003369
0,009618
0,005336
0,007638
0,006648
0,006326
0,004681
0,006648
0,006005
0,006648
0,004359
0,003369
0,006648
0,004681
0,005015
0,006326
0,006005
0,004681
0,001723
0,004025
0,00369
0,004025
0,005015
0,004681
0,008628
0,004681
0,005015
0,007972
0,006005
0,005015
0,005336
0,003035
0,004359
0,005015
0,004681
0,005015
0,003369
0,005671
0,005336
0,003369
0,003035
0,001389
0,001067
0,001723
0,003369
0,001389
0,000733
-0,000257
0,000733
0,000399
-0,000257
0,000399
7,7E-05
7,7E-05
-0,002237
-0,001903
-0,000913
-0,001247
-0,002237
-0,002237
-0,005195
-0,002893
-0,003549
-0,006185
-0,006185
-0,005195
-0,003549
-0,005529
-0,003883
-0,006841
-0,009155
-0,006841
-0,006185
-0,006519
-0,005529
-0,005529
-0,007509
-0,003883
-0,007175
-0,007175
-0,0085
-0,004873
-0,005529
-0,006841
-0,005864
-0,005529
-0,006519
-0,006185
-0,00949
-0,007509
-0,006841
-0,005529
-0,007175
-0,007509
-0,005864
-0,004873
-0,006185
-0,010467
-0,003883
-0,003549
-0,003549
-0,006519
-0,003228
-0,003549
-0,006185
-0,005864
-0,007509
-0,005864
-0,004205
-0,009155
-0,003883
-0,005864
-0,006185
-0,005864
-0,005529
-0,002559
-0,003549
-0,002559
-0,005864
-0,004205
-0,006519
-0,002559
-0,002237
-0,002559
-0,002237
-0,000913
-0,003228
-0,002237
7,7E-05
-0,002237
-0,002559
-0,001903
0,002045
-0,001569
-0,000257
-0,003549
-0,000257
-0,002559
-0,000913
-0,000257
-0,000257
0,000399
7,7E-05
0,001723
7,7E-05
-0,003228
0,004025
0,000399
0,002379
0,000399
7,7E-05
0,002379
0,003369
0,00369
0,006005
0,005671
0,006005
0,002379
0,004681
0,004681
0,006326
0,004359
0,007317
0,004025
0,005336
0,007317
0,005671
0,006005
0,004359
0,006648
0,004359
0,009284
0,006648
0,002379
0,006648
0,005336
0,005015
0,004359
0,003369
0,002379
0,006326
0,005671
0,004359
0,003035
0,000399
-0,000592
0,003035
7,7E-05
0,001389
-0,000592
7,7E-05
7,7E-05
-0,002559
-0,001569
-0,002559
7,7E-05
-0,000913
-0,002237
-0,000592
-0,000592
-0,004205
-0,002237
-0,005195
-0,000592
0,000733
-0,000257
-0,000592
-0,001569
-0,000592
7,7E-05
7,7E-05
-0,001247
-0,002559
-0,001569
-0,001569
0,003369
-0,000257
-0,002893
-0,003549
-0,000913
0,002045
0,002713
-0,001903
-0,000257
7,7E-05
-0,001903
7,7E-05
-0,000592
-0,000913
-0,000592
0,003369
0,000399
-0,001569
0,000399
-0,000913
7,7E-05
0,002713
0,000733
0,001389
-0,000257
0,001067
0,001389
0,001389
-0,000257
0,002713
0,002045
0,000399
0,001067
0,002379
0,001723
0,003369
0,003369
0,006326
0,002713
0,004681
0,006326
0,005336
0,005015
0,005015
0,006648
0,010274
0,006982
0,009618
0,008963
0,006982
0,01093
0,007972
0,009284
0,008628
0,007638
0,012576
0,008963
0,009284
0,010608
0,011599
0,010608
0,011264
0,009618
0,009618
0,009953
0,010274
0,009284
0,012254
0,008963
0,009618
0,012254
0,011264
0,011599
0,006326
0,008963
0,009953
0,009284
0,006982
0,008628
0,010274
0,009618
0,008628
0,008628
0,007972
0,008294
0,007638
0,007317
0,005336
0,005671
0,004025
0,004681
0,004025
0,005336
0,00369
0,003369
-0,000592
7,7E-05
0,001067
0,002713
0,001067
-0,001247
7,7E-05
-0,000913
-0,000913
-0,000913
-0,001247
-0,001903
-0,002893
-0,000913
-0,002237
-0,001569
-0,001247
-0,000592
-0,000913
-0,000592
0,000733
-0,004205
-0,003549
-0,002237
-0,001247
-0,000257
-0,002237
-0,001903
-0,003228
-0,000913
0,000399
-0,000592
-0,001903
-0,001569
-0,002559
-0,001903
-0,000592
-0,003549
-0,003549
-0,003228
-0,000913
-0,001247
-0,001903
7,7E-05
0,001067
-0,003228
-0,001247
-0,000257
-0,003883
0,000399
7,7E-05
-0,000592
-0,002559
-0,000592
0,000733
-0,004205
-0,002893
-0,001569
-0,004539
-0,002237
-0,001903
7,7E-05
-0,005864
-0,002559
-0,001247
-0,000913
-0,003228
-0,002559
-0,002893
-0,001903
-0,004539
-0,004205
-0,002893
-0,002893
-0,000257
-0,002237
-0,003883
-0,001247
-0,002559
-0,001247
-0,001903
-0,000913
-0,001247
-0,001569
-0,002559
0,001067
-0,002893
0,00369
-0,001569
-0,000257
0,000733
0,001723
0,004359
0,002379
0,005015
0,002045
0,004681
0,006005
0,006326
0,005671
0,007317
0,006326
0,006982
0,007317
0,007317
0,006326
0,004681
0,006648
0,004359
0,007638
0,001723
0,006326
0,006005
0,003369
0,004681
0,003035
0,002379
0,003035
0,00369
0,006005
0,002713
0,003035
0,003369
0,003035
0,001389
-0,000592
0,003369
7,7E-05
0,000399
0,001723
0,002379
0,002045
0,004681
0,003369
-0,000257
0,002045
0,006005
7,7E-05
-0,001569
0,003035
0,004359
0,003035
0,002045
0,001067
0,005336
0,004359
0,004359
0,006005
0,002713
0,004025
0,005671
0,00369
0,00369
0,002713
0,004681
0,006326
0,000399
0,004359
0,005336
0,004681
0,004025
0,003035
0,004359
0,003369
0,001723
0,001389
0,002045
0,003369
0,001723
0,002379
0,001723
7,7E-05
0,003035
0,003035
0,006005
0,006005
0,004681
0,001067
0,00369
0,006326
0,004681
0,00369
0,002045
0,005336
0,003369
0,004359
0,00369
0,005015
0,005015
0,004359
0,007638
0,00369
0,007638
0,005671
0,008294
0,004025
0,004681
0,005671
0,006326
0,005336
0,005015
0,005671
0,004681
0,005671
0,005015
0,004681
0,004025
0,005015
0,005671
0,005671
0,004359
0,006005
0,00369
0,005671
0,00369
0,003035
0,004359
0,00369
0,002713
0,002713
0,000733
0,001389
-0,000913
0,00369
0,001723
0,001067
-0,000592
0,001067
7,7E-05
0,002045
7,7E-05
0,000733
0,000399
7,7E-05
0,000733
0,002713
-0,000913
0,001067
0,003035
0,004359
0,000399
0,003369
7,7E-05
0,001389
-0,000913
0,002713
0,001723
7,7E-05
-0,000592
-0,001569
0,002379
-0,000913
0,003369
-0,001247
-0,001903
0,000733
0,001723
-0,001247
-0,003228
-0,000257
-0,003228
-0,002237
-0,001247
-0,003549
-0,001569
-0,002237
-0,000257
-0,004205
-0,002893
-0,002893
-0,002237
-0,003228
-0,002893
-0,000592
0,000399
7,7E-05
0,000733
-0,004539
-0,001903
-0,000592
0,002045
0,003035
-0,002559
0,003035
0,002379
0,002713
0,001723
0,001067
-0,001247
0,001389
0,000733
-0,000913
0,001389
0,000399
-0,002237
0,000733
7,7E-05
-0,004205
-0,000592
-0,001247
-0,002893
-0,001903
0,000733
0,000399
-0,001569
-0,000913
-0,000913
-0,005195
-0,000913
-0,001247
0,000733
0,002045
-0,000592
-0,000257
-0,001569
-0,000592
-0,000592
-0,000913
-0,002559
-0,000592
-0,005529
-0,003228
-0,003228
-0,003549
-0,000913
-0,004539
-0,003228
-0,000913
-0,003549
-0,000592
-0,001247
-0,002893
-0,008165
-0,006841
-0,004873
-0,005529
-0,008165
-0,006841
-0,0085
-0,00949
-0,009811
-0,009155
-0,011457
-0,012126
-0,011136
-0,012126
-0,010146
-0,011791
-0,012126
-0,009811
-0,014093
-0,016073
-0,013772
-0,012447
-0,013103
-0,010467
-0,009155
-0,015083
-0,010801
-0,011791
-0,011791
-0,010467
-0,009155
-0,011136
-0,011136
-0,010801
-0,00949
-0,009811
-0,006519
-0,005864
-0,006185
-0,010467
-0,008165
-0,008821
-0,007509
-0,008165
-0,007831
-0,009155
-0,011136
-0,011457
-0,009811
-0,009811
-0,007175
-0,008821
-0,007175
-0,007509
-0,007831
-0,011136
-0,010146
-0,006519
-0,0085
-0,004205
-0,005864
-0,006185
-0,007175
-0,003228
-0,003883
-0,002559
-0,003549
0,001389
-0,005529
-0,001569
-0,002237
-0,004205
-0,002237
0,000733
7,7E-05
-0,001247
0,000399
-0,001903
-0,000913
0,000733
0,000733
-0,000257
-0,001903
-0,000257
7,7E-05
0,001067
0,001723
0,001067
-0,000592
0,000399
0,000733
0,003035
0,002713
-0,000592
0,000399
0,003369
7,7E-05
0,005015
0,002713
0,004681
0,003035
0,00369
0,005336
0,00369
0,006982
0,006005
0,007317
0,004025
0,005671
0,008294
0,008294
0,007638
0,006326
0,008628
0,006982
0,005015
0,005015
0,006982
0,006005
0,009284
0,007972
0,008294
0,007317
0,005336
0,005015
0,005015
0,005336
0,006326
0,005671
0,006326
0,004681
0,006005
0,005671
0,00369
0,006326
0,006982
0,005336
0,002045
0,005015
0,005671
0,004025
0,006326
0,007638
0,004359
0,00369
0,004681
0,005336
0,002045
7,7E-05
0,003035
0,00369
0,003369
0,000399
0,004359
0,002379
0,002045
0,002045
0,001389
0,001067
0,002045
0,000733
0,001389
0,003035
0,00369
0,004681
7,7E-05
-0,000592
0,006005
0,003035
0,002379
0,001723
0,000733
0,006005
0,001723
0,00369
0,004681
0,006005
0,003035
0,003035
0,004681
0,004359
0,004681
0,005336
0,004025
0,006648
0,006005
0,008628
0,009284
0,007638
0,007317
0,009618
0,006005
0,009618
0,011264
0,01192
0,009618
0,011599
0,008628
0,010274
0,010274
0,008963
0,008294
0,008628
0,005671
0,007972
0,006982
0,004681
0,004025
0,004359
0,002713
0,00369
0,000733
0,001389
0,003369
0,000399
0,001723
0,001723
0,001723
0,002713
0,004681
0,001723
0,003035
0,001389
0,001389
0,003369
0,006982
0,011599
0,005671
0,008628
0,006648
0,006982
0,007638
0,007638
0,008963
0,009953
0,007972
0,005671
0,009284
0,004025
0,003035
0,007317
0,003035
0,004359
0,001723
0,001389
7,7E-05
-0,000592
-0,001903
-0,005864
-0,001247
-0,007175
-0,003549
-0,007831
-0,005195
-0,006185
-0,004873
-0,003883
-0,006519
-0,003549
-0,005864
-0,003549
-0,003549
-0,005529
-0,005195
-0,000592
-0,002893
-0,002559
0,001067
0,001067
0,003369
0,002713
0,005336
0,004359
0,005015
0,006005
0,006005
0,008294
0,004359
0,008294
0,006648
0,006326
0,006648
0,007638
0,002379
0,006005
0,002713
0,003035
0,001723
0,001067
0,002713
7,7E-05
-0,002559
-0,000257
-0,004205
-0,000913
-0,003549
-0,004873
-0,007175
-0,005529
-0,004539
-0,004539
-0,005195
-0,006185
-0,004539
-0,005529
-0,003549
-0,000913
-0,003883
-0,000592
-0,001569
-0,002559
-0,001247
0,001723
0,002379
0,000399
7,7E-05
0,001723
0,004025
0,001389
0,002045
0,003035
0,005336
0,000733
0,001067
-0,000257
0,002045
0,000733
0,002045
0,001389
7,7E-05
-0,001569
-0,001247
0,000733
0,001723
-0,003549
-0,006185
-0,003228
-0,007175
-0,011791
-0,004873
-0,007175
-0,010467
-0,010467
-0,010467
-0,00949
-0,012126
-0,014762
-0,011791
-0,011457
-0,011791
-0,013772
-0,009155
-0,010801
-0,010467
-0,00949
-0,00949
-0,006841
-0,006519
-0,005195
-0,010146
-0,007175
-0,004873
-0,004205
-0,001903
-0,003228
-0,005195
-0,006185
-0,007509
-0,003883
-0,006519
-0,008165
-0,005864
-0,004873
-0,00949
-0,00949
-0,007175
-0,008165
-0,012447
-0,012126
-0,009155
-0,008821
-0,010801
-0,00949
-0,00949
-0,009811
-0,008821
-0,008821
-0,007831
-0,005195
-0,003549
-0,004873
-0,000257
0,001723
0,002045
0,002713
0,00369
0,004681
0,006648
0,00369
0,006005
0,006326
0,008628
0,005671
0,007317
0,005671
0,006005
0,005671
0,007317
0,004359
0,005336
0,005015
0,006982
0,002713
-0,000592
0,003369
0,003369
0,001067
0,001389
0,002045
7,7E-05
-0,000592
0,001723
0,002379
-0,000592
-0,000257
0,004681
0,005336
0,004025
0,005671
0,006326
0,007638
0,008628
0,007638
0,009618
0,013244
0,016189
0,014556
0,013244
0,017166
0,015868
0,016189
0,017488
0,01489
0,0139
0,015212
0,013566
0,011599
0,009284
0,010274
0,011264
0,010608
0,010608
0,008963
0,006005
0,008294
0,005336
0,005015
0,005015
0,000733
0,003369
0,004025
0,003035
0,004025
0,002713
0,006005
0,004025
0,003369
0,006005
0,002713
0,006982
0,007638
0,006982
0,006982
0,007317
0,005336
0,00369
0,004359
0,007972
0,006648
0,006326
0,006982
0,002379
0,003369
0,00369
0,004025
-0,000257
0,000733
-0,000592
0,000399
-0,000257
7,7E-05
0,001067
0,000399
-0,000257
-0,001569
0,000733
-0,004539
-0,007509
-0,000257
-0,001247
-0,001247
-0,000913
-0,000257
-0,003228
-0,002237
-0,000592
-0,001903
-0,003883
-0,002559
-0,000592
-0,000913
-0,003228
-0,002893
-0,002893
-0,003883
-0,002559
-0,003228
-0,001247
-0,003549
0,001067
-0,004205
-0,001569
-0,001903
-0,001247
-0,001903
-0,004205
-0,001903
-0,005864
-0,002237
-0,001247
-0,003883
-0,004873
-0,002559
-0,006519
-0,005195
-0,005529
-0,005864
-0,004873
-0,004539
-0,005195
-0,006519
-0,003228
-0,004873
-0,006841
-0,005864
-0,003883
-0,006185
-0,007175
-0,005195
-0,001247
-0,004539
-0,004205
-0,001903
-0,002893
-0,000913
-0,001903
7,7E-05
-0,000257
0,001067
-0,001247
0,000399
0,000733
-0,003883
-0,000913
7,7E-05
-0,000592
0,000733
-0,001247
0,004681
0,003035
0,000399
0,003369
0,001723
0,004681
0,00369
0,004359
-0,001247
0,002045
7,7E-05
7,7E-05
-0,000913
0,003035
0,001723
-0,002559
0,001389
0,005671
0,002379
0,001389
0,002713
0,004025
0,002379
0,003035
0,002045
0,002045
7,7E-05
7,7E-05
0,001389
0,001389
0,001067
0,004681
7,7E-05
0,002713
0,001389
0,001389
0,002713
0,003369
0,004025
0,001723
-0,000257
-0,000913
0,000399
-0,001903
-0,002559
-0,000913
-0,001903
-0,003228
-0,001903
-0,001903
-0,002893
-0,003549
-0,003549
-0,004539
-0,007831
-0,002559
-0,007175
-0,007831
-0,00949
-0,005529
-0,007831
-0,006841
-0,006841
-0,006185
-0,002237
-0,005195
-0,002237
-0,005864
-0,004539
-0,004205
-0,002237
-0,004205
-0,001247
0,001723
0,000733
0,000399
0,001389
0,001067
0,000733
0,004025
0,002045
0,001389
0,002379
0,003035
0,002713
0,005015
0,003035
0,001067
0,002379
0,004025
0,004359
0,005336
0,002045
0,002713
0,003369
0,001067
0,001067
7,7E-05
0,001067
-0,000913
-0,000913
-0,000592
-0,000257
-0,000592
-0,001569
-0,002559
-0,001569
-0,002893
-0,002893
-0,002559
-0,002559
-0,002893
-0,006519
-0,004873
-0,001903
-0,003549
-0,004205
-0,003549
-0,001247
-0,001569
-0,002237
-0,000913
-0,001247
-0,003549
-0,000592
0,000399
0,001723
0,000399
-0,001247
0,001389
-0,000592
0,000399
0,002713
0,000399
0,00369
0,004359
0,006005
0,002379
0,000733
0,001723
0,003035
-0,000592
0,004681
0,00369
0,004025
-0,000257
-0,000913
0,000399
0,001067
-0,001247
-0,000592
-0,002893
-0,002237
0,000399
-0,004873
0,000399
-0,001247
0,000733
-0,000913
-0,001569
-0,000592
0,001067
-0,002237
0,000399
-0,000592
0,004025
-0,000592
0,001389
-0,000257
0,003369
0,001389
0,001067
0,000733
0,00369
0,004025
0,002379
-0,000257
0,005015
0,002713
0,006005
0,001723
0,001389
0,003369
0,002713
0,001723
0,000399
0,001389
0,001389
0,000733
-0,001569
0,002713
0,001723
0,001723
0,000733
7,7E-05
-0,001247
7,7E-05
7,7E-05
-0,002237
-0,002237
-0,002559
-0,000592
-0,003883
-0,002559
-0,003549
-0,001569
-0,004205
-0,003883
-0,000913
-0,002559
-0,003883
-0,000913
-0,006519
-0,003228
-0,001569
-0,003549
-0,005195
-0,006519
-0,005195
-0,006185
-0,0085
-0,007831
-0,009811
-0,005195
-0,006519
-0,005195
-0,005529
-0,003549
-0,003549
-0,007509
-0,003228
-0,001903
-0,003549
-0,002893
-0,003549
-0,002893
-0,000592
-0,001247
-0,003228
-0,003883
0,001723
-0,001569
-0,000257
-0,000257
-0,002237
0,001389
0,002379
0,002713
7,7E-05
0,001389
0,003369
0,003369
0,003035
0,002045
0,003035
0,003035
7,7E-05
0,002713
0,000399
