0,003536
0,003999
0,004166
0,001646
0,004796
0,004629
0,005259
0,005414
0,002752
0,007304
0,006365
0,005259
0,006828
0,00306
0,00369
0,003999
0,004951
0,003999
0,005105
0,003999
0,0018
0,004629
0,001492
0,002122
0,00117
0,003215
0,002906
0,002906
0,004796
0,003215
0,002752
0,002752
0,001955
0,00243
0,000862
0,000231
0,001955
0,000862
-0,001337
-0,000874
-0,000244
0,000231
-0,001504
0,00117
0,00117
0,000386
0,000707
-0,003228
-0,004012
-0,001029
-0,003073
-0,008101
-0,007947
-0,009361
-0,005426
-0,011239
-0,012499
-0,016433
-0,014389
-0,016433
-0,017694
-0,019751
-0,020214
-0,022593
-0,02195
-0,025589
-0,028585
-0,034577
-0,034114
-0,039798
-0,044838
-0,049107
-0,04975
-0,053235
-0,053389
-0,05609
-0,05609
-0,05735
-0,058623
-0,059099
-0,062583
-0,064641
-0,064641
-0,063059
-0,066865
-0,069874
-0,072099
-0,075108
-0,075429
-0,077487
-0,076381
-0,074632
-0,072407
-0,067971
-0,067817
-0,066544
-0,057993
-0,053389
-0,04705
-0,040904
-0,034423
-0,033793
-0,024483
-0,013913
-0,00841
0,000707
0,006519
0,019854
0,019224
0,025152
0,029999
0,040299
0,040453
0,046227
0,051666
0,056013
0,062378
0,063766
0,068267
0,073706
0,076959
0,077577
0,077268
0,081421
0,080045
0,084173
0,086925
0,087851
0,088455
0,088146
0,086475
0,08524
0,088301
0,087696
0,085858
0,08479
0,083414
0,079274
0,080354
0,082643
0,078348
0,074786
0,075558
0,074015
0,072459
0,070903
0,070131
0,061902
0,062069
0,055087
0,049185
0,041392
0,041084
0,033111
0,031401
0,018285
0,017668
0,011071
0,005414
-0,002597
-0,004166
-0,00778
-0,011869
-0,018015
-0,02006
-0,02132
-0,024329
-0,024483
-0,025897
-0,023853
-0,023686
-0,024329
-0,017848
-0,01943
-0,013437
-0,01219
-0,002752
-0,003073
-0,001659
0,000862
0,004629
0,006211
0,003999
0,002585
0,002122
-0,002289
7,7E-05
-0,007317
-0,007625
-0,011393
-0,015958
-0,023686
-0,026528
-0,032211
-0,033163
-0,038216
-0,038692
-0,042639
-0,044054
-0,045636
-0,046266
-0,050535
-0,051178
-0,051808
-0,051178
-0,054984
-0,054984
-0,055292
-0,054187
-0,053711
-0,053711
-0,053389
-0,053711
-0,053557
-0,052605
-0,04975
-0,04975
-0,04705
-0,045005
-0,041534
-0,040261
-0,034268
-0,03711
-0,032211
-0,029536
-0,028431
-0,022747
-0,024162
-0,01943
-0,018954
-0,016909
-0,014543
-0,01219
-0,005748
-0,003858
-0,005748
0,001955
0,004321
0,012807
0,009027
0,013116
0,017668
0,019069
0,022811
0,025306
0,028122
0,028431
0,031555
0,032957
0,036866
0,034834
0,037483
0,039991
0,038743
0,038743
0,040608
0,039052
0,035464
0,040299
0,040299
0,039206
0,037483
0,039052
0,035297
0,036712
0,032185
0,034989
0,036236
0,032648
0,032957
0,032803
0,035927
0,03702
0,041084
0,041855
0,043578
0,045918
0,049802
0,049185
0,050895
0,053839
0,055087
0,05555
0,054302
0,055241
0,05555
0,057414
0,057723
0,056475
0,057247
0,057568
0,055241
0,056475
0,053685
0,052284
0,054148
0,05011
0,051358
0,045288
0,044671
0,043578
0,039361
0,03405
0,032185
0,032185
0,029845
0,029369
0,025152
0,019224
0,016575
0,0139
0,010763
0,009978
0,005735
0,009503
0,00117
-0,000553
-0,002919
-0,004012
-0,005902
-0,004951
-0,01156
-0,012653
-0,017064
-0,016112
-0,019275
-0,019751
-0,023056
-0,02195
-0,023377
-0,021641
-0,020857
-0,022271
-0,022271
-0,024792
-0,021011
-0,024483
-0,026695
-0,027801
-0,028263
-0,031105
-0,033793
-0,03648
-0,036956
-0,040736
-0,039798
-0,040106
-0,039631
-0,045944
-0,046574
-0,048169
-0,048169
-0,046574
-0,050226
-0,053081
-0,054662
-0,055614
-0,057517
-0,061002
-0,059896
-0,061156
-0,06005
-0,061323
-0,06068
-0,061156
-0,058301
-0,059099
-0,059574
-0,05672
-0,054508
-0,055447
-0,054817
-0,052129
-0,047693
-0,047371
-0,047693
-0,045636
-0,039476
-0,044208
-0,039952
-0,03837
-0,033317
-0,03522
-0,031581
-0,028585
-0,029369
-0,025743
-0,025897
-0,021796
-0,017064
-0,02006
-0,017064
-0,016279
-0,016588
-0,013129
-0,011714
-0,012023
-0,008885
-0,00967
-0,009194
-0,007317
-0,006056
-0,002752
0,000386
0,002585
0,001955
0,007137
0,008397
0,004629
0,008873
0,013437
0,014685
0,016253
0,015006
0,014222
0,016883
0,017346
0,020947
0,020947
0,021255
0,018285
0,021255
0,024213
0,029369
0,028906
0,02672
0,028431
0,030154
0,027338
0,029524
0,029369
0,029061
0,030462
0,027492
0,029845
0,029678
0,028752
0,027338
0,027659
0,027813
0,027813
0,027968
0,027338
0,024843
0,023904
0,024059
0,024997
0,022503
0,021718
0,023904
0,020162
0,017346
0,015315
0,01516
0,016575
0,014376
0,01201
0,012807
0,011393
0,010917
0,007458
0,009181
0,007458
0,006211
0,007304
0,004796
0,002906
0,001337
-0,001029
-0,001337
-0,002752
-0,003228
-0,004796
-0,007317
-0,00778
-0,006365
-0,006995
-0,007162
-0,007625
-0,007162
-0,009194
-0,00967
-0,012499
-0,01219
-0,009978
-0,013283
-0,011869
-0,01156
-0,012344
-0,012974
-0,015803
-0,014543
-0,011869
-0,014222
-0,013437
-0,013913
-0,013283
-0,014543
-0,015958
-0,016742
-0,01219
-0,017372
-0,015173
-0,018799
-0,019751
-0,021641
-0,018324
-0,020214
-0,018169
-0,019108
-0,018324
-0,017539
-0,016588
-0,016112
-0,016433
-0,016279
-0,015803
-0,016112
-0,015482
-0,015803
-0,014852
-0,013913
-0,014543
-0,015019
-0,012023
-0,008731
-0,011714
-0,00841
-0,006532
-0,009194
-0,009824
-0,006995
-0,007471
-0,004488
-0,006056
-0,007947
-0,008885
-0,007317
-0,007947
-0,010776
-0,00841
-0,009824
-0,009978
-0,008885
-0,010776
-0,011084
-0,010146
-0,007317
-0,008564
-0,004796
-0,006841
-0,004642
-0,004012
-0,004166
-0,002289
-0,001029
-0,001967
0,001646
-0,001029
7,7E-05
0,00306
0,003369
0,005889
0,006674
0,008397
0,007767
0,012962
0,009181
0,014222
0,01453
0,01579
0,01516
0,015636
0,014055
0,01516
0,015469
0,01516
0,016883
0,015315
0,016099
0,01453
0,016729
0,016729
0,015315
0,016099
0,014852
0,015006
0,011226
0,013592
0,009027
0,012177
0,01264
0,009027
0,008397
0,008088
0,009348
0,006828
0,009657
0,007137
0,008397
0,009503
0,008718
0,009811
0,007767
0,004629
0,005581
0,005889
0,007934
0,004629
0,004951
0,004321
0,00117
0,0018
0,004629
0,003215
0,0018
0,002276
0,003999
0,004166
0,000707
0,001646
0,000231
-0,000553
-0,001967
-0,003536
-0,002752
-0,004796
-0,005272
-0,008885
-0,006365
-0,006365
-0,008731
-0,008885
-0,010454
-0,006687
-0,008885
-0,00904
-0,007162
-0,009194
-0,009194
-0,009515
-0,008731
-0,007317
-0,006532
-0,005426
-0,007317
-0,005581
-0,005272
-0,006211
-0,007471
-0,004796
-0,005902
-0,004333
-0,003228
-0,002289
-0,003228
-0,005272
-0,001183
-0,001029
-0,002289
-0,000553
-0,002289
-0,002443
-0,003073
-0,000244
-0,003073
-0,003382
-0,003228
-0,004166
-0,003382
-0,004488
-0,002919
-0,001967
-0,001967
-0,000553
-0,001504
-0,001337
-0,001183
-0,003073
-0,005748
-0,002443
-0,003858
-0,005118
-0,004166
-0,002919
-0,001813
-0,001813
-0,002597
-0,001659
-0,002597
-0,001813
-0,001337
-0,003536
0,000707
-0,000874
0,000862
-0,000707
-0,001183
-0,001813
-0,002752
-0,002289
-0,004488
-0,001967
-0,001659
-0,003858
-0,005272
-0,002122
-0,006687
-0,002919
-0,005118
-0,005118
-0,001183
-0,004333
-0,000399
-0,004012
-0,004642
-0,002443
-0,003536
-0,004012
-0,006532
-0,005748
-0,004796
-0,006532
-0,00778
-0,006841
-0,007162
-0,006056
-0,003073
-0,004166
-0,006532
-0,003228
-0,005426
-0,002919
-0,005748
-0,004012
-0,003703
-0,006532
-0,007162
-0,007317
-0,004796
-0,00967
-0,00841
-0,006687
-0,006532
-0,006995
-0,008255
-0,006995
-0,006841
-0,005902
-0,006687
-0,006532
-0,006211
-0,003703
-0,004796
-0,006211
-0,005118
-0,006687
-0,006532
-0,006687
-0,005748
-0,005581
-0,004642
-0,004642
-0,003703
-0,002122
-0,001967
-0,005581
-0,002289
-0,002597
-0,002443
-0,003228
-0,003382
-0,003382
-0,002289
-0,002752
-0,003858
-0,004166
-0,003858
-0,001183
-0,002289
0,002122
0,001337
-0,000553
0,000862
0,002122
0,002122
0,00243
0,00117
0,000386
0,000707
-9E-05
0,000862
-0,001029
0,001955
0,001955
0,00369
0,003536
0,001646
0,005889
0,003536
0,003845
0,005735
0,006044
0,006519
0,008242
0,006982
0,004796
0,005735
0,006044
0,007137
0,005414
0,003215
0,005735
0,005581
0,007304
0,009503
0,009978
0,010917
0,006982
0,009181
0,012807
0,010133
0,009348
0,009811
0,012962
0,010917
0,011226
0,008718
0,007458
0,011701
0,009181
0,008088
0,009503
0,011226
0,006982
0,009503
0,009348
0,010596
0,008397
0,006044
0,009348
0,007934
0,006828
0,009348
0,009348
0,006828
0,008873
0,007934
0,009978
0,008242
0,006982
0,007458
0,006674
0,006044
0,007934
0,004796
0,004166
0,004796
0,005414
0,006211
0,006044
0,00369
0,002906
0,003999
0,005735
0,00306
0,006211
0,00369
0,004321
0,005105
0,007612
0,004951
0,004475
0,006828
0,006044
0,00369
0,005259
0,004951
0,008242
0,003999
0,006982
0,003369
0,005414
0,004796
0,005735
0,003845
0,007304
0,004321
0,008873
0,008242
0,008397
0,010596
0,008088
0,009348
0,011856
0,008873
0,009181
0,012807
0,010596
0,011547
0,011547
0,008242
0,009657
0,009027
0,010287
0,010763
0,009503
0,009027
0,009027
0,006674
0,004629
0,005259
0,004951
0,0018
0,002752
0,004475
0,003215
0,000862
0,001337
0,00054
0,002276
0,001955
0,001492
0,000862
0,001955
0,00243
0,004321
0,003999
0,004796
0,000386
0,002585
0,001016
0,001955
0,000707
0,000862
0,001955
0,003215
0,004475
0,002752
0,00243
0,004321
0,003536
0,006211
0,001492
0,004475
0,003845
0,004629
0,004629
0,004475
0,003536
0,004796
0,00243
0,00243
0,002276
-0,000244
-9E-05
-0,003703
0,000707
-0,001659
7,7E-05
-0,002597
0,00117
-0,001813
-0,003382
0,003845
0,001646
0,001646
0,004629
0,002276
0,00054
0,003215
0,001337
0,00117
0,004166
0,0018
0,003369
0,003215
7,7E-05
0,003215
0,0018
0,002585
0,002906
0,005414
0,00306
0,004951
0,008551
0,006674
0,007767
0,005414
0,003999
0,00306
0,00306
0,00117
0,004951
0,006674
0,002906
0,00243
0,004166
0,004796
0,002585
0,002906
0,004475
0,005581
0,008551
0,005889
0,006211
0,008718
0,006211
0,004951
0,007612
0,006519
0,005105
0,005105
0,004796
0,004166
0,006211
0,006211
0,005889
0,007304
0,004629
0,008397
0,004475
0,007458
0,005889
0,004951
0,008551
0,003845
0,004629
0,003369
0,000231
0,001016
0,003369
-0,004796
0,0018
-0,000874
0,001492
-0,004951
-0,004488
-0,004642
-0,003858
-0,003858
-0,005118
-0,004166
-0,005748
-0,003073
-0,005902
-0,004166
-0,005118
-0,004488
-0,007317
-0,009194
-0,005426
-0,008101
-0,005426
-0,008255
-0,005748
-0,006365
-0,005426
-0,006056
-0,003073
-0,002919
-0,005581
-0,004333
-0,004333
-0,002443
-0,005118
-0,006056
-0,006687
-0,003703
-0,006841
-0,007317
-0,003858
-0,006365
-0,004951
-0,006841
-0,006687
-0,004012
-0,004333
-0,006365
-0,002122
-0,005748
-0,002597
-0,004333
-0,004488
-0,002597
-0,002597
-9E-05
-0,003536
-0,003073
0,000862
-0,003858
-0,000399
0,001955
0,00054
0,002276
0,004951
0,003215
0,005889
0,005105
0,006211
0,007458
0,005105
0,008397
0,008088
0,007137
0,007137
0,008088
0,009027
0,010441
0,010133
0,008242
0,011547
0,011071
0,009978
0,010596
0,011547
0,009657
0,006674
0,007934
0,007934
0,007458
0,00306
0,005889
0,003536
0,004951
0,007612
0,001016
0,000862
0,002906
0,003845
0,003845
0,003999
0,004321
0,003215
0,0018
0,003369
0,00306
0,004321
0,003999
0,003536
0,002585
0,000386
0,00369
0,003369
0,003845
0,005581
0,003999
0,004321
0,005259
0,006365
0,005581
0,002276
0,003215
0,00306
0,00117
0,001646
7,7E-05
0,000231
0,002906
0,000862
0,002752
0,00054
-0,000707
0,001646
0,000707
0,001016
0,000862
0,000231
-0,000244
-0,000244
-0,002597
-0,004333
-0,002289
-0,003382
-0,003228
-0,003703
-0,005902
-0,007625
-0,005426
-0,006211
-0,005118
-0,006056
-0,006211
-0,002919
-0,006687
-0,004951
-0,001504
-0,004488
-0,004166
-0,006056
-0,003536
-0,001183
-0,006211
-0,002289
-0,005272
-0,006532
-0,003228
-0,002597
-0,004796
-0,004488
-0,004951
-0,002597
-0,004488
-0,003536
-0,000399
-0,004166
-0,002597
-0,002919
-0,003382
-0,006841
-0,005426
-0,006532
-0,005902
-0,006365
-0,005902
-0,003228
-0,003858
-0,009515
-0,005426
-0,004796
-0,002597
-0,004166
-0,005272
-0,003858
-0,004951
-0,004488
-0,004796
-0,004488
-0,005426
-0,003858
-0,002919
-0,001504
-0,000874
0,000707
-0,000707
-0,000553
0,002585
0,00117
0,002122
0,00054
0,00243
0,002752
0,004166
0,005259
0,0018
0,002585
0,003215
0,006674
0,004951
0,005889
0,007612
0,006211
0,008718
0,006674
0,006982
0,009027
0,008088
0,008718
0,007767
0,006982
0,009181
0,008551
0,006044
0,006519
0,006365
0,003845
0,007137
0,006674
0,008397
0,006982
0,006982
0,005735
0,006982
0,007934
0,006044
0,005259
0,001337
7,7E-05
7,7E-05
-0,001813
-0,000874
-0,001183
-0,003536
-0,001659
-0,002443
-0,003858
-0,004166
-0,007471
-0,006532
-0,004488
-0,008885
-0,008885
-0,008255
-0,009361
-0,00841
-0,012653
-0,012653
-0,01156
-0,016433
-0,016433
-0,010608
-0,017372
-0,015328
-0,018169
-0,016112
-0,014698
-0,014698
-0,015958
-0,016588
-0,015958
-0,017064
-0,015019
-0,016742
-0,015482
-0,018799
-0,018015
-0,017848
-0,018478
-0,016112
-0,018645
-0,013759
-0,015636
-0,017694
-0,016279
-0,010608
-0,014067
-0,015173
-0,015328
-0,015636
-0,015328
-0,013129
-0,016112
-0,015328
-0,014698
-0,015636
-0,015328
-0,016433
-0,016279
-0,014852
-0,016112
-0,01219
-0,013759
-0,012023
-0,013759
-0,014698
-0,013129
-0,012653
-0,014698
-0,012499
-0,011393
-0,013283
-0,010454
-0,011869
-0,011714
-0,00967
-0,011393
-0,013605
-0,011393
-0,013437
-0,00967
-0,009194
-0,0103
-0,007317
-0,008101
-0,009824
-0,004012
-0,004951
-0,007317
-0,004796
-0,004012
-0,006841
-0,004951
-0,005272
-0,002443
-0,001337
-0,002289
-0,003382
-0,004333
-0,002752
-0,002597
-0,000399
-0,000244
-0,000553
-0,001659
-0,001029
-0,000707
-0,001504
0,000231
-0,001337
-0,001967
-0,000553
-0,002752
-0,005581
-0,003228
-0,005272
-0,005902
-0,005118
-0,002752
-0,004166
-0,004166
-0,008101
-0,005902
-0,004333
-0,002752
-0,002289
-0,004012
-0,003703
-0,004012
-0,006532
-0,004333
-0,008101
-0,00904
-0,010608
-0,010608
-0,011393
-0,010454
-0,010454
-0,013129
-0,011239
-0,012344
-0,013605
-0,012344
-0,012023
-0,013437
-0,011714
-0,011869
-0,015019
-0,014543
-0,012974
-0,014067
-0,013605
-0,014543
-0,013913
-0,016588
-0,015019
-0,011714
-0,012344
-0,014222
-0,015173
-0,014698
-0,013913
-0,013437
-0,010454
-0,008885
-0,012344
-0,0103
-0,010608
-0,007625
-0,012023
-0,01093
-0,008101
-0,007947
-0,009194
-0,005581
-0,009194
-0,009515
-0,010608
-0,006995
-0,006532
-0,007471
-0,006687
-0,005581
-0,007947
-0,001967
-0,006841
-0,004488
-0,002597
-0,005426
-0,001504
-0,002443
-0,001029
-0,002443
-0,001659
0,000231
0,00054
-0,001659
-0,000244
0,004629
0,001492
0,00117
0,002276
0,002276
0,005735
0,001955
0,00369
0,004475
0,005735
0,006519
0,007934
0,006519
0,007304
0,011547
0,009503
0,010133
0,011701
0,01201
0,01201
0,011547
0,009181
0,013437
0,010917
0,010596
0,012807
0,013116
0,01516
0,012177
0,014685
0,016253
0,014055
0,015315
0,019378
0,016099
0,018285
0,019224
0,020162
0,019069
0,020317
0,018594
0,020317
0,017346
0,02078
0,018594
0,018594
0,019687
0,017976
0,018761
0,017192
0,019532
0,020471
0,019532
0,018439
0,018594
0,020162
0,024059
0,019224
0,019854
0,019854
0,019224
0,020008
0,019069
0,019378
0,019532
0,017501
0,015469
0,018131
0,018439
0,017668
0,018761
0,016099
0,015469
0,018594
0,019532
0,019224
0,018285
0,017346
0,017501
0,017346
0,017192
0,017346
0,015945
0,016253
0,015006
0,01201
0,010287
0,012332
0,01201
0,010917
0,011856
0,009503
0,009657
0,008242
0,012177
0,008551
0,009027
0,009503
0,010287
0,011701
0,008397
0,008873
0,009657
0,011226
0,008088
0,009503
0,009027
0,008088
0,007458
0,006674
0,009181
0,008242
0,009811
0,009348
0,012962
0,012486
0,011547
0,009503
0,010763
0,012807
0,010287
0,008397
0,008088
0,006982
0,011226
0,007767
0,010441
0,009027
0,009027
0,007304
0,008397
0,011393
0,009978
0,007304
0,008551
0,007304
0,009978
0,005889
0,008397
0,008397
0,006044
0,008088
0,005735
0,007458
0,007934
0,004951
0,005105
0,006211
0,005581
0,005581
0,006365
0,005105
0,009348
0,009657
0,008397
0,008397
0,006044
0,007458
0,010287
0,007767
0,007767
0,006519
0,005581
0,003999
0,004475
0,004321
0,005735
0,005581
0,004629
0,004951
0,004951
0,006982
0,005105
0,005735
0,006365
0,007934
0,002906
0,005581
0,0018
0,00306
0,001492
0,002906
0,001492
0,001337
-0,001183
0,00243
-0,000399
0,000862
0,001955
0,00306
0,001646
0,003369
0,002906
0,000386
0,001492
0,00243
0,001492
0,002906
0,003369
0,00117
0,000707
0,001646
0,000386
0,002122
7,7E-05
0,00117
-0,001183
-0,000874
-0,001813
-0,001813
0,000386
-0,002122
-0,001504
-0,001967
-0,002597
-9E-05
-9E-05
-0,003703
-0,004166
-0,002289
-0,007471
-0,006532
-0,006211
-0,005902
-0,006532
-0,004796
-0,007162
-0,007317
-0,00841
-0,004012
-0,003703
-0,005426
-0,001967
-0,002919
-0,001967
-0,001813
-0,004166
-0,003536
-0,004012
-0,005426
-0,005902
-0,003858
-0,006211
-0,006841
-0,005118
-0,003536
-0,004333
-0,002919
-0,004166
-0,004166
-0,004642
-0,003703
-0,003858
-0,001029
-0,002122
-0,004488
-0,003382
-0,003536
-0,002919
-0,002122
-0,004166
-0,003228
-0,003858
-0,002919
-0,003073
-0,001337
-0,004166
-0,002919
-0,000553
-0,003228
-0,001183
-0,000553
0,001337
0,00306
0,003536
0,003369
0,000862
0,000386
0,000862
0,0018
0,00054
-0,000399
-0,000874
0,001016
0,000862
0,005259
0,001016
0,003215
-9E-05
0,003369
0,005259
0,005889
0,002122
0,007612
0,003845
0,007934
0,00306
0,000707
0,005105
0,002585
0,002276
0,004166
0,002752
0,004166
0,001646
0,002752
0,002585
0,001955
0,002122
0,002906
0,002585
0,002585
0,004951
0,00369
0,006365
0,00243
0,006365
0,006044
0,004166
0,003215
0,005105
0,005889
0,006365
0,002752
0,003536
0,006982
0,005414
0,003999
0,005105
0,004951
0,008397
0,004629
0,006365
0,005581
0,008242
0,008088
0,005735
0,005105
0,006828
0,004796
0,006365
0,005735
0,005735
0,005889
0,006982
0,007612
0,008088
0,005581
0,00306
0,004796
0,003845
0,002122
0,003845
0,005414
0,005581
0,004321
0,007137
0,007767
0,003999
0,002585
0,007612
0,005735
0,004166
0,005414
0,006365
0,004321
0,004321
0,004321
0,002906
0,006519
0,003845
0,005735
0,005735
0,00117
0,00306
0,00243
0,003536
0,00306
-0,000707
0,0018
-0,000874
0,00243
0,000862
-0,001029
0,000386
0,000707
-0,001659
-0,000244
-0,003073
-0,001029
-0,002443
-0,002289
-0,001337
-0,003382
-0,000553
-0,002122
-0,000874
-0,000874
-0,004333
-0,003382
0,000386
-0,004166
-0,001029
-0,003073
-0,004796
-0,005581
-0,003858
-0,006056
-0,004951
-0,006532
-0,00778
-0,005748
-0,006532
-0,005118
-0,003858
-0,006365
-0,007947
-0,006841
-0,007625
-0,006841
-0,007471
-0,003536
-0,003228
-0,001659
-0,001504
0,000231
0,000386
0,001337
0,000707
0,001646
-0,000399
0,000862
0,001016
-0,001183
0,001955
0,003215
0,003215
0,001646
0,001646
0,001337
0,000862
-0,000244
-9E-05
-0,001967
-0,001183
-0,002122
-0,004796
-0,002752
-0,003228
-0,003703
-0,005426
-0,008255
-0,003536
-0,007947
-0,006841
-0,006056
-0,007947
-0,003703
-0,006532
-0,006365
-0,007162
-0,006211
-0,005581
-0,001659
-0,004166
-0,001183
-0,003228
0,000231
-0,004488
-0,004796
-0,003228
-0,002752
-0,002597
-0,002597
-0,002443
-0,002443
-0,002289
-0,000244
-0,001504
0,00369
-0,000874
0,000707
0,001955
0,001337
-0,002443
-0,001337
-0,000707
0,00054
0,000862
0,002276
0,000707
0,004166
0,002276
0,004629
0,006365
0,002906
0,005735
0,003845
0,002752
0,004321
0,004321
0,007137
0,006828
0,003845
0,003369
0,002752
0,004629
0,004166
0,002752
0,00243
-0,000707
0,002276
-0,000399
-0,000707
-0,000553
0,000386
-0,001337
-0,002122
-0,003228
-0,005581
-0,002443
-0,002597
-0,005902
-0,004951
-0,006365
-0,005272
-0,006532
-0,005902
-0,00841
-0,003073
-0,005426
-0,004333
-0,003536
-0,005748
-0,004642
-0,006365
-0,005272
-0,004166
-0,005118
-0,007947
-0,005581
-0,006995
-0,007471
-0,005426
-0,006365
-0,004951
-0,005902
-0,0103
-0,010146
-0,007317
-0,00841
-0,011393
-0,010776
-0,00841
-0,008255
-0,00778
-0,010608
-0,008731
-0,00778
-0,007947
-0,00778
-0,00841
-0,00778
-0,006687
-0,004796
-0,006056
-0,004488
-0,004333
-0,002289
-0,003858
-0,004166
-0,007162
-0,002289
-0,006211
-0,003228
-0,003228
-0,002919
-0,003703
-0,002443
-0,000399
-0,002122
-0,003228
-0,001504
-0,001183
-0,003858
-0,000399
-0,004012
-0,001337
-0,000244
-0,004012
-0,002443
-0,003228
0,001016
-0,001813
-0,001813
-0,000874
-0,002289
-0,002752
-0,002443
-0,003073
-0,002122
0,000386
-0,001813
-0,001813
-0,002122
-0,002289
-0,001337
-0,002289
-0,002289
-0,001967
-0,004166
-0,003073
-0,003536
-0,001183
-0,001029
0,0018
-0,000553
-0,001504
-0,001183
-0,001504
-0,002443
-0,000707
-0,003536
0,000386
-0,000707
-0,001183
-9E-05
-0,001183
-0,003703
-0,001183
-0,006365
-0,003536
-0,007162
-0,004166
-0,006841
-0,006841
-0,009978
-0,008255
-0,006841
-0,0103
-0,009515
-0,01093
-0,011714
-0,011084
-0,01093
-0,01093
-0,009978
-0,009515
-0,010454
-0,007625
-0,008731
-0,007317
-0,006687
-0,007317
-0,006532
-0,008731
-0,006532
-0,007471
-0,005581
-0,005581
-0,004166
-0,007625
-0,002752
-0,005272
-0,004166
-0,007162
-0,004951
-0,006995
-0,004642
-0,007471
-0,007471
-0,00967
-0,012023
-0,009824
-0,008101
-0,011084
-0,00904
-0,008885
-0,011393
-0,010146
-0,00967
-0,00841
-0,008255
-0,008255
-0,007162
-0,007317
-0,006532
-0,006056
-0,005748
-0,005118
-0,002443
-0,004796
-0,004796
-0,002752
-0,003073
-0,002752
-0,001183
-0,002752
-0,001659
0,001492
-0,000707
7,7E-05
-0,000244
0,000707
-0,000553
-0,000399
-9E-05
0,0018
-0,000399
-0,001967
-0,000244
-0,000244
-0,001183
-0,000244
0,002752
-0,000399
-0,000707
0,000707
-0,001504
-0,004642
-0,001504
-0,003228
0,000386
-0,001504
-0,001337
-0,002122
-0,000399
-0,002443
-0,003536
-0,003858
-0,002443
-9E-05
-0,001967
-0,004012
-0,003536
-0,000707
-0,002597
0,000862
0,000707
-0,000553
0,00054
0,001492
0,001016
0,001492
0,003845
0,003215
0,005259
0,003536
0,007612
0,004166
0,004475
0,005414
0,007612
0,006828
0,002906
0,006044
0,005414
0,00306
0,005414
0,007458
0,0018
0,001337
7,7E-05
-0,001029
-0,000707
-0,000553
-0,002597
-0,002122
-0,004333
-0,004796
-0,001659
-0,006995
-0,003858
-0,002597
-0,000244
-0,002122
-0,002752
-0,001029
-0,001967
-0,000553
0,00054
0,000386
-9E-05
-9E-05
0,003536
0,002906
0,002752
0,003536
0,006365
0,00306
0,009181
0,006828
0,002752
0,003845
0,004166
0,004796
0,005259
0,004321
0,004321
0,005889
0,00243
0,004321
0,003845
0,001955
0,004321
0,003999
0,003536
0,005735
0,003215
0,002906
0,002906
0,004951
0,0018
7,7E-05
0,002585
0,003845
0,001492
0,002276
0,004629
0,005581
0,002752
0,005735
0,005105
0,004951
0,005581
0,006365
0,007458
0,005414
0,007458
0,007137
0,006365
0,007137
0,004629
0,004629
0,002752
0,005581
0,00369
0,004796
0,00243
0,004629
0,001955
0,0018
0,00117
-0,000399
-9E-05
-0,000874
-0,001183
7,7E-05
-0,000707
-0,003382
-0,000874
-0,000553
-0,001337
-0,001337
-0,003382
-0,002919
-0,002289
-0,002752
-0,003228
-0,002752
-0,000874
-0,002597
-0,001967
-0,001659
-0,002122
-0,000553
0,001337
-0,002289
-9E-05
0,001492
-0,001337
0,00054
7,7E-05
7,7E-05
0,001016
-0,001813
0,000231
-0,001183
-0,002289
-0,002289
-0,001504
-0,001504
-0,003536
-0,001183
-0,000553
0,00054
0,000386
0,000862
0,001016
-9E-05
-0,001183
0,001955
0,00306
0,001955
0,000231
0,000386
-9E-05
0,004475
0,005105
0,003215
0,002752
0,0018
0,00243
0,005414
0,000231
0,002906
0,004475
0,003999
0,004321
0,005105
0,005105
0,003999
0,002752
0,006674
0,006674
0,005259
0,004629
0,003215
0,003999
0,006211
0,005105
0,004166
0,002122
0,002122
0,001016
0,00306
0,001337
0,002906
0,000231
-0,000553
0,0018
0,001955
-0,000399
7,7E-05
0,000386
0,001492
0,003999
-0,000553
0,002276
-0,000399
-0,001337
-0,000707
-0,001183
0,001337
0,00054
0,001016
-0,003228
0,00117
-0,001659
-0,001337
-0,001029
-0,002122
-0,002122
0,00243
-0,003858
0,000862
-0,001659
-0,001337
-0,001337
0,000862
-0,004333
-0,001029
-0,002289
-0,002289
-0,000874
-0,002597
-0,001504
-0,000553
-0,003858
-0,002919
-0,003382
-0,000244
-0,001967
-0,004012
-0,001967
-0,001183
-0,000553
-0,001504
-0,004166
-0,003073
-0,004951
-0,000399
-0,002752
-0,003858
0,000707
-0,001659
-0,002597
0,000707
0,00054
0,000707
0,001646
0,000386
0,001955
0,001492
0,000231
0,003215
0,003999
0,004475
0,003845
0,000707
0,005581
0,00243
0,002906
0,004951
0,005581
0,00369
0,002122
0,002585
0,00369
0,00369
0,00369
-9E-05
0,002585
0,002122
0,001016
0,00306
0,001016
0,001955
0,001016
0,002585
0,004629
0,003536
0,001646
0,005259
0,00306
0,002585
0,0018
0,000707
0,003536
0,006365
0,007934
0,009027
0,007137
0,005259
0,006982
0,004629
0,006828
0,009027
0,007767
0,008873
0,009978
0,009811
0,012177
0,010763
0,008242
0,010441
0,007304
0,010287
0,009811
0,011701
0,008088
0,009027
0,008873
0,009811
0,008873
0,008718
0,006044
0,007934
0,006674
0,008551
0,010596
0,006674
0,007612
0,006044
0,007934
0,006044
0,008397
0,005105
0,006828
0,008242
0,003999
0,008397
0,006519
0,010917
0,008242
0,006211
0,009811
0,011701
0,008242
0,006982
0,010917
0,0139
0,010133
0,009657
0,009348
0,012332
0,007612
0,006982
0,011071
0,012486
0,012332
0,009978
0,010287
0,009181
0,007767
0,012177
0,007612
0,005259
0,006828
0,006365
0,005414
0,007137
0,004629
0,004629
0,004629
0,006828
0,004629
0,006044
0,005414
0,006044
0,006982
0,006828
0,007304
0,007934
0,009348
0,006365
0,006365
0,008088
0,005735
0,007137
0,006674
0,007137
0,006982
0,007304
0,007612
0,009811
0,008718
0,006044
0,004475
0,003845
0,005414
0,004475
0,006519
0,005105
0,003845
0,006044
0,000707
0,002906
0,00243
0,00306
0,002122
0,001492
0,001337
0,001337
0,002122
0,003845
-9E-05
0,001492
0,0018
0,001955
0,002585
0,002752
0,001955
0,00306
0,004166
0,002585
0,000707
0,004166
0,004475
0,003215
0,002276
0,003215
0,002585
0,000862
0,003215
0,000707
0,002122
0,001955
0,001337
0,00306
7,7E-05
0,00054
0,000862
-0,000874
0,001955
0,001955
0,000231
-0,001183
7,7E-05
7,7E-05
-0,001029
-0,002443
-0,002752
-0,003703
-0,000874
-0,001504
-0,001813
-0,001337
-0,003073
-0,001504
-0,002289
-0,001029
-0,004012
-0,004951
-0,005581
-0,003382
-0,006211
-0,004951
-0,004642
-0,005902
-0,007471
-0,008885
-0,00841
-0,007317
-0,007162
-0,00904
-0,012344
-0,009515
-0,0103
-0,007947
-0,009824
-0,00904
-0,0103
-0,010454
-0,010608
-0,009824
-0,013605
-0,0103
-0,010608
-0,01219
-0,011239
-0,00967
-0,011714
