-0,000707
0,00054
0,001646
0,006519
0,004629
0,006828
0,009348
0,011701
0,012332
0,013592
0,01516
0,018594
0,018439
0,017346
0,020947
0,019224
0,022348
0,02078
0,024213
0,027183
0,021718
0,026566
0,028122
0,028585
0,027968
0,028752
0,027338
0,027183
0,027968
0,027659
0,028122
0,030308
0,028585
0,030771
0,030771
0,029215
0,029369
0,028752
0,030617
0,026875
0,027813
0,025936
0,025306
0,025936
0,02375
0,02438
0,023441
0,015636
0,019224
0,017668
0,014376
0,015315
0,010917
0,015006
0,013746
0,009503
0,01327
0,011856
0,008718
0,006674
0,005105
0,006519
0,002906
0,005735
0,002276
0,001016
-0,002919
-0,001967
-0,002752
-0,002443
-0,000707
-0,005272
-0,005748
-0,007317
-0,009978
-0,008255
-0,009978
-0,010146
-0,012499
-0,007625
-0,010454
-0,01219
-0,010146
-0,012344
-0,009824
-0,013913
-0,010608
-0,010608
-0,012807
-0,015173
-0,014698
-0,015482
-0,013605
-0,015636
-0,016588
-0,019108
-0,018324
-0,017694
-0,018015
-0,018015
-0,018954
-0,021641
-0,019108
-0,016588
-0,020214
-0,017372
-0,015482
-0,019584
-0,018478
-0,016433
-0,019584
-0,016909
-0,017539
-0,020535
-0,017372
-0,014698
-0,016742
-0,013759
-0,014852
-0,012344
-0,008101
-0,011239
-0,007317
-0,00904
-0,009194
-0,005748
-0,009361
-0,008885
-0,004012
-0,008255
-0,007947
-0,007317
-0,004796
-0,007471
-0,00841
-0,009361
-0,008101
-0,009824
-0,005748
-0,007625
-0,004796
-0,008885
-0,008564
-0,008101
-0,007625
-0,007162
-0,008255
-0,007471
-0,005581
-0,007162
-0,004012
-0,004166
-0,003228
-0,003858
-0,001183
-0,000553
0,001492
0,000231
0,005105
0,004951
0,003845
0,010596
0,008718
0,009657
0,011856
0,010596
0,015636
0,015469
0,011226
0,014376
0,015315
0,015636
0,015469
0,015945
0,016575
0,013746
0,015469
0,014685
0,013437
0,013746
0,015945
0,013592
0,014055
0,01264
0,011393
0,011701
0,014685
0,012962
0,008242
0,011547
0,009811
0,012962
0,008397
0,008397
0,007934
0,006674
0,005581
0,006519
0,007137
0,006365
0,007934
0,005105
0,006519
0,007612
0,007612
0,007137
0,006828
0,005581
0,007767
0,004321
0,00306
0,005105
0,002122
-0,001813
0,000231
0,001955
0,00243
-0,000244
-0,000707
-0,002122
-0,001967
-0,001183
-0,001183
-0,001029
-0,005426
-0,005581
-0,005581
-0,002289
-0,003703
-0,007317
-0,006365
-0,007162
-0,006211
-0,006532
-0,007625
-0,003858
-0,003536
-0,006841
-0,004488
-0,004012
-0,004166
-0,003382
-0,001967
-0,006056
-0,005272
-0,002919
-0,003536
-0,002289
-0,002752
-0,000244
0,00054
0,000231
7,7E-05
-0,001029
0,000707
0,003999
0,006044
0,003369
0,005259
0,006211
0,010763
0,012177
0,009503
0,017822
0,019687
0,028906
0,03234
0,033741
0,037805
0,034834
0,038743
0,036236
0,033741
0,029215
0,024213
0,011547
0,002585
-0,025589
-0,023377
-0,043578
-0,054817
-0,066068
-0,063856
-0,070671
-0,067971
-0,064165
-0,062583
-0,054662
-0,053711
-0,047217
-0,042472
-0,036159
-0,034577
-0,032841
-0,032057
-0,026373
-0,027479
-0,023531
-0,017694
-0,015636
-0,010454
-0,002122
0,004796
0,010133
0,013746
0,010133
0,015315
0,016883
0,013746
0,013746
0,006828
0,006519
-0,001029
-0,008564
-0,006995
-0,014222
-0,017064
-0,022426
-0,023853
-0,022901
-0,026065
-0,023853
-0,022271
-0,021641
-0,023686
-0,02069
-0,013129
-0,016909
-0,013913
-0,01156
-0,01093
-0,008731
-0,004951
-0,003382
-0,002122
0,003999
0,010287
0,006519
0,011701
0,014222
0,017822
0,024997
0,026399
0,025473
0,028906
0,02609
0,024689
0,024843
0,020008
0,020471
0,017192
0,017668
0,011226
0,006982
0,006044
0,00369
0,004321
0,003999
0,001492
-0,000399
0,003215
0,001646
0,003845
0,004475
0,003845
0,009978
0,008088
0,01264
0,010287
0,013116
0,01579
0,014685
0,01516
0,017346
0,0139
0,014222
0,016408
0,018131
0,015315
0,016883
0,01579
0,015469
0,014055
0,013746
0,016253
0,01264
0,008397
0,007304
0,003536
0,002752
0,001337
-0,001659
-0,002919
-0,005902
-0,007625
-0,007317
-0,007162
-0,006687
-0,00967
-0,004166
-0,006687
-0,005118
-0,003536
-0,003382
-0,004012
-0,003382
0,00054
-0,000874
0,00117
-0,001504
-0,000553
-0,001504
0,002906
0,001492
0,002906
0,004475
0,006982
0,003845
0,00369
0,002906
0,004796
0,004166
0,0018
0,002276
0,000231
-0,003536
0,002276
-0,003536
-0,005748
-0,005272
-0,006687
-0,007317
-0,008101
-0,006687
-0,007471
-0,008255
-0,009515
-0,008564
-0,006687
-0,007947
-0,006995
-0,005748
-0,008731
-0,007471
-0,005581
-0,005272
-0,007162
-0,006365
-0,006211
-0,004166
-0,004012
-0,004488
-0,001504
-0,003228
0,00243
0,000231
0,00117
0,001492
0,004475
0,002752
0,002906
0,002122
0,007137
0,006519
0,005105
0,002906
0,005105
0,006044
0,003536
0,003845
0,00306
0,001492
0,002122
0,003369
0,004166
0,004796
0,006674
0,009503
0,007767
0,008242
0,009503
0,008551
0,008397
0,012962
0,013116
0,014376
0,015006
0,014685
0,012962
0,016099
0,016883
0,020162
0,02078
0,02078
0,021873
0,023596
0,024059
0,024843
0,024213
0,022348
0,024843
0,025306
0,027183
0,023904
0,020471
0,017501
0,019069
0,019224
0,018761
0,017346
0,014852
0,016883
0,015006
0,012177
0,014055
0,013437
0,014852
0,01264
0,012807
0,011071
0,011393
0,012962
0,011701
0,012486
0,012962
0,012807
0,009027
0,013116
0,016099
0,013116
0,008873
0,015636
0,015315
0,0139
0,011393
0,013116
0,012177
0,007767
0,011393
0,009657
0,008088
0,010763
0,009348
0,006211
0,003845
0,0018
0,001492
0,002122
-0,001967
0,00054
0,00243
-0,002122
0,002585
0,00117
-0,001029
-0,000399
-0,004012
-0,004642
-0,005902
-0,004012
-0,008255
-0,005118
-0,010608
-0,010454
-0,009515
-0,008101
-0,010608
-0,005581
-0,00778
-0,010146
-0,005581
-0,006365
-0,004333
-0,004166
-0,006056
-0,006211
-0,005426
-0,007471
-0,005902
-0,009361
-0,006995
-0,005118
-0,009194
-0,008564
-0,006365
-0,009361
-0,006365
-0,00841
-0,005581
-0,006056
-0,005902
-0,004488
-0,003382
-0,003228
-0,005902
-0,003228
-0,009824
-0,005118
-0,006687
-0,007317
-0,004642
-0,004488
-0,003703
-0,004642
-0,003228
-0,000707
-0,003073
0,000231
0,002906
0,002752
0,002276
0,001492
0,003215
0,002906
0,004475
0,004321
0,006044
0,003369
0,004166
0,004951
0,007137
0,002906
0,004629
0,003536
0,004475
0,0018
0,005259
0,005259
0,002906
0,004475
0,004321
0,00369
0,004796
0,001955
0,001492
-0,002122
0,001492
-0,003073
-0,000553
-0,001813
-0,000874
7,7E-05
0,000386
-0,001659
-0,002752
0,000862
-0,003536
-0,001029
0,000707
-0,000553
-0,001029
-0,000553
-0,001813
-0,003073
-9E-05
0,000386
-0,002597
-0,001813
0,002752
0,000231
0,001337
0,004629
0,005889
0,004951
0,005735
0,007612
0,006828
0,008551
0,005105
0,005414
0,006365
0,008397
0,006211
0,003369
0,004796
0,005414
0,00306
0,004475
0,001955
0,003845
0,006044
0,005735
0,005889
0,004475
0,001955
0,006674
0,003215
0,005414
0,001646
0,004951
0,00243
0,006519
0,002752
0,003536
0,005889
0,008397
0,008397
0,006211
0,010917
0,009657
0,010596
0,010287
0,011071
0,010287
0,012332
0,008397
0,009657
0,008718
0,010763
0,008242
0,008873
0,005414
0,005735
0,008873
0,006828
0,010441
0,006044
0,007934
0,007304
0,006211
0,002276
0,001337
0,00369
0,001016
-0,000399
0,00306
-9E-05
0,001016
0,002752
-9E-05
-0,001337
-0,001183
-0,002597
0,001016
0,000707
0,000862
0,001955
0,003845
0,002906
0,002585
-0,000399
0,000862
-0,001813
-0,006365
-0,006841
-0,011869
-0,012653
-0,019751
-0,021641
-0,023056
-0,025113
-0,024483
-0,025435
-0,022271
-0,022271
-0,019905
-0,020857
-0,018799
-0,013129
-0,012974
-0,011714
-0,00967
-0,006841
-0,002597
-0,003536
0,005889
0,005735
0,005889
0,007304
0,010763
0,007934
0,012962
0,010596
0,013116
0,010287
0,008873
0,005581
0,006828
0,005105
0,001955
0,00117
-0,002122
-0,005748
-0,006211
-0,008885
-0,009978
-0,010146
-0,012653
-0,008255
-0,011239
-0,008255
-0,010146
-0,00841
-0,006211
-0,008101
-0,002919
-0,003228
-0,004333
0,000707
-0,002597
0,001955
0,00054
0,001955
0,001492
0,002276
-0,001183
0,00054
0,00369
0,000707
0,00243
0,003999
0,006211
0,001337
0,004629
0,005889
0,004629
0,000231
0,001016
-0,001337
0,000231
-0,000399
0,0018
-0,001813
-0,000553
-0,001813
-0,002752
-0,004642
-0,000874
-0,001183
-0,002919
-0,000553
0,002276
-0,000707
0,00369
0,004629
0,004796
0,005889
0,008397
0,005105
0,004951
0,010763
0,01264
0,010441
0,009348
0,010763
0,011547
0,010917
0,006828
0,011226
0,010287
0,008397
0,006674
0,008242
0,005581
0,008873
0,009503
0,007304
0,004629
0,007304
0,005889
0,005581
0,007304
0,004321
0,008873
0,005414
0,007458
0,006365
0,009027
0,008242
0,006674
0,010287
0,008718
0,007137
0,009348
0,005414
0,005889
0,003845
-0,000244
0,000386
-0,002122
-0,002289
-0,002919
-0,006211
-0,005426
-0,008564
-0,009361
-0,012974
-0,014067
-0,016279
-0,016112
-0,018015
-0,016279
-0,018169
-0,020214
-0,022426
-0,025113
-0,022426
-0,024483
-0,022593
-0,026695
-0,023056
-0,026695
-0,024637
-0,025113
-0,024483
-0,022426
-0,020857
-0,023377
-0,019584
-0,022747
-0,021011
-0,022271
-0,021487
-0,019751
-0,01943
-0,016433
-0,016909
-0,018645
-0,015328
-0,018954
-0,013605
-0,011869
-0,013759
-0,012344
-0,009978
-0,015173
-0,01219
-0,013283
-0,013437
-0,010776
-0,011239
-0,010146
-0,013437
-0,009515
-0,011393
-0,00967
-0,010454
-0,006211
-0,010146
-0,008564
-0,006841
-0,00967
-0,005748
-0,008731
-0,01093
-0,009194
-0,00904
-0,006995
-0,009194
-0,01093
-0,006687
-0,007471
-0,006687
-0,006687
-0,00778
-0,00778
-0,004166
-0,004951
-0,005118
-0,004488
-0,003073
-0,003536
-0,003382
-0,002289
-0,000874
0,000231
0,00054
0,001492
0,001955
0,000386
0,004166
0,003999
0,005259
0,006044
0,006519
0,005259
0,005414
0,003215
0,002752
0,006044
0,002276
0,004475
0,003999
-0,000874
-0,000244
-9E-05
0,002276
-0,002919
-0,000553
-0,003382
-0,003073
-0,000244
-0,001183
-0,000399
-0,001183
-0,001504
-0,003228
-0,002752
-0,001967
-0,004488
-0,006211
-0,008255
-0,009515
-0,006365
-0,008731
-0,008731
-0,008564
-0,00967
-0,0103
-0,013283
-0,010146
-0,014543
-0,014389
-0,013913
-0,018324
-0,016742
-0,018645
-0,018799
-0,02006
-0,022117
-0,02069
-0,022593
-0,022747
-0,020214
-0,022426
-0,023686
-0,023056
-0,021796
-0,023531
-0,02195
-0,019275
-0,019108
-0,016742
-0,018645
-0,018015
-0,017218
-0,016279
-0,019905
-0,019275
-0,017064
-0,016279
-0,015803
-0,013437
-0,017218
-0,014543
-0,013437
-0,012653
-0,012653
-0,014067
-0,01093
-0,014698
-0,011714
-0,009515
-0,011239
-0,008885
-0,01219
-0,01219
-0,010776
-0,01219
-0,01093
-0,009824
-0,006211
-0,009515
-0,008885
-0,009515
-0,007162
-0,004796
-0,004333
-0,003703
-0,000707
-0,001504
-0,002122
-0,000874
-0,001029
-0,000244
-0,001967
0,001492
0,00369
0,002585
0,002906
0,005581
0,005581
0,007767
0,008088
0,008718
0,007767
0,011856
0,010133
0,011071
0,010917
0,012807
0,0139
0,017038
0,016253
0,014222
0,014685
0,015636
0,01453
0,01516
0,018285
0,015636
0,018439
0,017501
0,020947
0,020317
0,021873
0,024689
0,022503
0,022194
0,024689
0,020317
0,02204
0,02141
0,021718
0,020317
0,021718
0,02078
0,019378
0,022811
0,02609
0,020162
0,022194
0,02438
0,021873
0,023904
0,025627
0,021873
0,020162
0,021564
0,020471
0,019224
0,021564
0,02078
0,018439
0,017976
0,020317
0,016729
0,015636
0,018915
0,019532
0,018761
0,015006
0,018761
0,019687
0,017038
0,019224
0,019378
0,016729
0,016253
0,015315
0,015006
0,01579
0,014055
0,014376
0,0139
0,012486
0,01327
0,01327
0,011856
0,012332
0,011226
0,01453
0,010287
0,010287
0,010287
0,008718
0,005735
0,007304
0,006674
0,007304
0,006365
0,006211
0,006982
0,007458
0,004475
0,005581
0,008873
0,007458
0,005889
0,007304
0,009978
0,009503
0,009348
0,006828
0,010133
0,012486
0,011226
0,009503
0,011071
0,011226
0,009181
0,010917
0,010441
0,011071
0,009978
0,010596
0,008873
0,009181
0,008242
0,006828
0,007304
0,006365
0,004166
0,003999
0,001337
-0,001337
0,00054
0,001016
-0,001504
0,00243
-0,000553
0,004629
0,005581
0,00369
0,006519
0,005581
0,008242
0,006828
0,009978
0,008873
0,012962
0,010596
0,012177
0,011071
0,011547
0,008718
0,011071
0,008551
0,010763
0,007304
0,006674
0,010287
0,008397
0,006674
0,005735
0,005414
0,006519
0,001955
0,006044
0,005735
0,003369
0,004629
0,003845
0,003999
0,001492
7,7E-05
0,002752
0,003845
0,005414
0,003999
0,009027
0,001955
0,005414
0,00306
0,006365
0,006674
0,004796
0,003999
0,003845
0,00054
0,000386
0,00117
0,00117
0,000231
-0,003228
-0,001967
0,00117
-0,001813
-0,001504
0,001337
0,0018
0,00306
0,00306
0,001646
0,00369
0,001955
0,001016
0,001337
0,001337
0,000386
-0,000874
-0,002597
0,0018
0,001492
-0,000553
0,002276
0,002122
0,00054
-9E-05
0,003536
0,001337
0,002276
0,00369
0,000386
-0,001504
7,7E-05
-0,000874
-0,004642
-0,003858
-0,004333
-0,005118
-0,000874
-0,002443
-0,003536
-0,003858
-0,004333
-0,002443
0,000231
-0,003858
-0,001504
-0,001504
-0,000244
-0,001504
-0,002752
-0,000553
-0,002597
-0,000707
-0,002122
-0,003228
-0,002122
0,00054
-0,000244
-0,000707
-0,001967
0,00117
0,001955
0,000231
0,001955
-0,000553
-0,000553
0,002752
0,001016
0,002122
7,7E-05
-0,001029
-0,003703
-0,002597
-0,003536
-0,004951
-0,006056
-0,005272
-0,001659
-0,003858
-0,004166
-0,003382
-0,002919
-0,002597
-0,001659
-0,002122
-0,001813
-0,004796
-0,002597
-0,000707
-0,005748
-0,001813
-0,004166
-0,005748
-0,004333
-0,004012
-0,001337
-0,001967
-0,001183
0,00369
0,001337
0,00369
0,005581
0,000707
-0,000399
0,002122
0,0018
0,001492
-0,000399
0,001955
0,000386
0,000707
0,00054
0,001646
0,004629
0,002906
0,004166
0,005105
0,004475
0,003999
0,007612
0,00306
0,002906
0,006365
0,003845
0,003536
0,004629
0,004475
0,004796
0,003999
0,005105
0,002752
0,003845
0,005581
0,005889
0,007137
0,004951
0,006365
0,008397
0,005581
0,007612
0,004951
0,008088
0,005414
0,006365
0,008551
0,005414
0,006828
0,006365
0,006365
0,007137
0,006519
0,005889
0,005259
0,005414
0,008718
0,004629
0,007304
0,007934
0,005259
0,008242
0,006365
0,006211
0,008551
0,007304
0,006519
0,006828
0,008551
0,004951
0,006828
0,008718
0,006519
0,007612
0,008242
0,005259
0,006982
0,009348
0,006982
0,004951
0,002752
0,002585
0,002276
0,0018
0,002276
7,7E-05
0,005105
0,000231
7,7E-05
0,00243
0,001337
0,001016
-0,000707
0,001646
0,001646
0,002585
0,00054
0,000231
0,000231
0,000231
0,00054
0,000231
-0,000399
-0,000553
0,002276
0,00117
0,001955
0,001955
-0,000244
-0,000553
-0,000244
-0,001183
-0,003703
-0,001337
-0,002443
-0,005748
-0,002752
-0,005748
-0,003703
-0,00841
-0,006532
-0,009515
-0,010776
-0,007471
-0,00967
-0,007947
-0,00967
-0,008255
-0,006365
-0,005426
-0,007471
-0,005118
-0,006211
-0,005581
-0,003858
-0,007162
-0,003858
-0,001337
-0,001967
0,000862
-0,003382
-0,002122
-0,002443
0,000386
0,00054
0,001492
0,001016
0,002276
0,002752
0,001016
0,003999
0,00243
-0,000707
-0,001337
-0,002122
-0,000553
-0,002597
-0,004333
-0,004012
-0,005426
-0,006532
-0,002597
-0,006365
-0,005902
-0,007317
-0,006365
-0,003703
-0,004951
-0,006841
-0,003858
-0,007317
-0,002752
-0,006841
-0,008255
-0,006687
-0,006532
-0,00904
-0,007471
-0,006687
-0,010454
-0,007317
-0,003228
-0,006841
-0,00778
-0,006056
-0,004796
-0,005748
-0,005748
-0,006532
-0,004166
-0,002597
-0,001337
-0,003703
-0,001813
-0,002752
-0,003228
-0,002919
-0,003073
-0,003228
-0,003382
-0,000399
0,00054
0,002122
7,7E-05
0,003999
0,003215
0,003369
0,005581
0,003215
0,004166
0,004796
0,001337
0,003369
0,004475
-0,000244
0,004796
0,006365
0,003369
0,004321
0,006365
0,00306
0,005105
0,002122
0,0018
0,002906
-9E-05
7,7E-05
-0,001659
-0,001183
-0,001183
-0,002919
-0,003536
-0,003536
-0,002443
-0,003382
-0,002122
-0,004642
-0,002919
-0,002289
7,7E-05
-0,002443
-0,001813
-0,004166
-0,002443
-0,001659
-0,002443
-0,001183
-0,003228
-0,004333
-9E-05
-0,001813
-0,005426
0,00054
-0,003536
-0,002443
-0,002122
-0,003073
-0,003228
-0,002289
-0,004951
-0,005426
-0,005902
-0,004333
-0,004333
-0,007162
-0,004796
-0,00841
-0,006365
-0,006056
-0,005118
-0,005748
-0,004642
-0,007947
-0,006995
-0,006365
-0,003073
-0,002752
-0,004333
-0,006365
-0,007162
-0,003858
-0,002919
-0,005272
-0,007625
-0,004333
-0,005426
-0,005426
-0,003536
-0,004951
-0,001813
-0,003858
-0,004796
-0,004642
-0,004166
-0,003536
-0,006056
-0,004642
-0,004796
-0,002443
-0,004642
-0,002122
-0,005748
-0,003228
-0,004951
-0,005272
-0,005118
-0,001659
-0,002919
-0,001337
-0,001337
0,000231
-0,003073
-0,002597
-0,002752
-0,002443
-0,001813
-0,002597
-0,004796
-0,003382
-0,004951
-0,005581
-0,004796
-0,007471
-0,007471
-0,006365
-0,005272
-0,004488
-0,005748
-0,006532
-0,008564
-0,007947
-0,006995
-0,006365
-0,004796
-0,009515
-0,005426
-0,00841
-0,006841
-0,005426
-0,007317
-0,00841
-0,004796
-0,006056
-0,006532
-0,005581
-0,004642
-0,004642
-0,003073
-0,003382
-0,003858
-0,005272
-0,005902
-0,005272
-0,006211
-0,005902
-0,006995
-0,00778
-0,008255
-0,00778
-0,00904
-0,00778
-0,008885
-0,005118
-0,005118
-0,005902
-0,005748
-0,004488
-0,005426
-0,004642
-0,005902
-0,006532
-0,003228
-0,006995
-0,007317
-0,007947
-0,00778
-0,006841
-0,005581
-0,005902
-0,005902
-0,007625
-0,004166
-0,004488
-0,006365
-0,005118
-0,003536
-0,003536
-0,006365
-0,001813
-0,005426
-0,007162
-0,004951
-0,003536
-0,004012
-0,002289
-0,000874
0,00117
-0,001813
-0,000553
-0,001813
0,001955
-0,001659
0,000707
0,00243
-0,000553
0,00306
0,00054
-0,000553
0,000862
0,002276
-0,000244
0,001492
0,003215
0,00243
-0,000874
0,000231
7,7E-05
7,7E-05
0,001492
0,001955
-0,000399
-9E-05
0,00243
0,00054
0,001337
0,00117
-0,000874
-9E-05
0,001337
0,000707
0,000707
0,00117
-0,001967
-0,003228
-9E-05
-0,002443
0,000707
-0,002289
-0,001504
-0,003382
-0,004012
-0,005118
-0,005581
-0,005118
-0,007162
-0,005272
-0,006365
-0,003228
-0,002919
-0,004012
-0,005426
-0,006687
-0,001504
-0,002289
-0,001813
-0,000874
0,001337
0,002752
0,00054
0,004321
0,003369
0,003369
0,003369
0,0018
0,004166
0,003999
0,000862
0,000386
0,00306
0,002122
0,00243
-0,001659
0,00054
-0,000553
-0,000874
-0,004333
-0,004488
-0,004488
-0,005118
-0,004012
-0,006211
-0,006532
-0,006841
-0,008101
-0,009194
-0,007947
-0,010454
-0,00904
-0,005902
-0,004333
-0,004951
-0,001659
-0,000399
-0,001504
-0,001183
0,000386
0,000707
0,003536
0,00306
0,001492
0,0018
0,004166
0,006365
0,005581
0,005889
0,005414
0,005581
0,004951
0,005889
0,007458
0,006674
0,008088
0,005259
0,004796
0,003369
0,004166
0,002752
0,002122
7,7E-05
-0,000874
0,000862
0,002585
0,003215
0,003845
0,000231
0,007458
0,007767
0,005581
0,006982
0,005889
0,004166
0,008718
0,005105
0,008242
0,008088
0,008242
0,009027
0,012486
0,006519
0,006982
0,007767
0,010287
0,010287
0,009978
0,008718
0,006674
0,006044
0,001955
0,006044
0,006519
0,002906
0,0018
0,002906
0,005735
0,003845
0,00306
0,002276
0,00243
0,00117
0,002752
0,003845
0,00243
0,002585
0,002752
7,7E-05
0,001646
-0,000553
0,00117
-0,001967
0,001337
-0,001813
0,001016
7,7E-05
-0,001967
-0,001967
0,00054
-0,002597
-0,003228
0,000386
-0,001029
-9E-05
-0,002919
-0,001659
-0,001813
-9E-05
-0,003703
-0,004642
-0,003858
-0,004488
-0,003703
-0,008255
-0,005272
-0,006841
-0,002919
-0,002289
-0,003382
-0,004333
-0,001183
-0,003073
-0,002597
-0,001967
-0,002919
-0,000553
7,7E-05
-0,002443
0,000386
-9E-05
0,002122
0,000707
-0,000874
-0,001183
0,001955
-9E-05
0,0018
0,00117
0,001337
0,003369
0,002752
0,006674
0,004951
0,006044
0,003369
0,005259
0,00369
0,001646
0,004951
0,00243
0,00306
0,003215
0,002122
0,004629
0,004951
0,001337
0,002906
0,004796
0,005889
0,004166
0,003369
0,004321
-0,000553
0,002122
-0,000399
-0,002289
0,00117
-9E-05
0,002752
0,001646
-0,001337
-0,002919
-0,002289
-0,001504
-0,001029
-9E-05
-0,000244
-0,001029
-0,001029
0,0018
0,002585
0,000386
0,00054
0,00054
0,0018
0,000707
-0,001337
0,001492
0,00243
0,003536
0,001016
0,0018
-0,001659
0,001955
7,7E-05
0,004629
0,000231
0,001016
0,003536
0,002276
0,00306
0,002752
0,002585
0,003999
0,000386
0,000862
0,00117
-0,000399
-0,002443
-0,001337
-0,003228
-0,004488
-0,004951
-0,002597
-0,005748
-0,003858
-0,002752
-0,003228
-0,003703
-0,003228
-0,002919
0,000386
0,00117
0,001492
-0,001504
0,005105
0,005259
0,001492
0,003845
0,002752
0,0018
0,001492
0,002906
0,00117
0,001492
0,002122
0,004475
0,005259
0,001492
0,004475
0,004951
0,002906
0,003215
-0,000244
0,004321
0,001492
0,001646
0,000386
0,00117
0,000386
-0,000707
-9E-05
-0,006056
-0,002597
-0,001967
-0,003228
-0,003228
-0,000399
-0,001337
0,000231
0,002122
0,002122
0,002585
0,003536
0,003536
0,004321
0,006982
0,006211
0,004796
0,006674
0,007767
0,006982
0,006044
0,009181
0,009503
0,007934
0,010763
0,009978
0,007304
0,006674
0,010287
0,013746
0,011071
0,010596
0,012177
0,008088
0,007304
0,009811
0,009503
0,006519
0,010133
0,009657
0,008242
0,008242
0,007458
0,006044
0,007137
0,007458
0,008873
0,006365
0,009503
0,009027
0,009657
0,008873
0,008551
0,005889
0,008397
0,007304
0,006044
0,006982
0,006982
0,007934
0,008873
0,008397
0,007934
0,011701
0,01264
0,012807
0,010596
0,015469
0,012486
0,011547
0,011226
0,011226
0,009181
0,008873
0,012332
0,012332
0,009348
0,011547
0,011856
0,013437
0,009027
0,011071
0,008551
0,010133
0,010287
0,007767
0,007458
0,008397
0,007304
0,008088
0,006519
0,008088
0,009503
0,005259
0,007934
0,007934
0,006982
0,008242
0,008718
0,008551
0,007767
0,006982
0,010133
0,010441
0,008718
0,010287
0,010763
0,009027
0,011226
0,009503
0,009181
0,007458
0,006044
0,007458
0,007304
0,005414
0,006519
0,007458
0,004951
0,004166
0,005105
0,005414
0,002906
0,004475
0,002752
0,005105
0,004951
0,003215
0,004475
0,0018
0,001955
0,000862
7,7E-05
0,001646
0,002906
0,000386
0,000862
0,002585
0,001016
0,005105
0,001337
0,002276
0,003369
7,7E-05
0,001492
0,00369
0,004475
0,002122
0,000707
0,001955
-0,000874
-0,000553
7,7E-05
-0,002443
-0,001029
-0,002122
-0,003382
-0,001659
-0,001029
-0,005272
-0,001337
-0,002919
-0,001659
-0,002443
-0,002122
-0,001967
-0,005426
-0,002289
0,000386
-0,000707
-0,006532
-0,002597
-0,002597
-0,004012
-0,006532
-0,004166
-0,006211
-0,006841
-0,006365
-0,007625
-0,004642
-0,00904
-0,004796
-0,007947
-0,007625
-0,009194
-0,010454
-0,00778
-0,010454
-0,012023
-0,012653
-0,008101
-0,010608
-0,01093
-0,014067
-0,00904
-0,011084
-0,012653
-0,009978
-0,011393
-0,009515
-0,00967
-0,011084
-0,008731
-0,012023
-0,009978
-0,009361
-0,009824
-0,010776
-0,0103
-0,009515
-0,009978
-0,009515
-0,011714
-0,007162
-0,007317
-0,007471
-0,008731
-0,00841
-0,00778
-0,008101
-0,006841
-0,010146
-0,00778
-0,009515
-0,00904
-0,01156
-0,01219
-0,008564
-0,009194
-0,01093
-0,008885
-0,010146
-0,009978
-0,009361
-0,012023
-0,010776
-0,009515
-0,012023
-0,010776
-0,01219
-0,006056
-0,011084
-0,008101
-0,010454
-0,009361
-0,010608
-0,006995
-0,007947
-0,00904
-0,00967
-0,007317
-0,011393
-0,004951
-0,008731
-0,005581
-0,008101
-0,008885
-0,007625
-0,010454
-0,00967
-0,00904
-0,00841
-0,008731
-0,007471
-0,007162
-0,003382
-0,006365
-0,005426
-0,005748
-0,004642
-0,002597
-0,004796
-0,007471
-0,005748
-0,007162
-0,006211
-0,006365
-0,007947
-0,00841
-0,006532
-0,007471
-0,006995
-0,0103
-0,005902
-0,009194
-0,00967
-0,00778
-0,005748
-0,008101
-0,00841
-0,008101
-0,006532
-0,00967
-0,00841
-0,007947
-0,011084
-0,01156
-0,01093
-0,008731
-0,01156
-0,013437
-0,01093
-0,009515
-0,009824
-0,011084
-0,010608
-0,010454
-0,009515
-0,008885
-0,009361
-0,007947
-0,012023
-0,010608
-0,01093
-0,010454
-0,010146
-0,008101
-0,010454
-0,008255
-0,00778
-0,004796
-0,007317
-0,004012
-0,004166
-0,003073
-0,005118
-0,007162
-0,006211
-0,006841
-0,005272
-0,005748
-0,003228
-0,004166
-0,007625
-0,004333
-0,002919
-0,003703
-0,003073
-0,001504
-0,002443
-0,001659
-0,002443
-0,000707
0,00054
-0,001183
-0,001183
-0,003073
-0,002919
-0,002919
-0,002919
-0,001029
-0,000244
-0,001659
0,000707
0,001955
0,001016
-0,000707
0,002906
0,0018
0,00306
0,003369
0,002752
0,00243
0,005889
0,00369
0,004951
0,005414
0,003845
0,005414
0,006519
0,006828
0,007934
0,008088
0,008088
0,006828
0,008718
0,006828
0,003845
0,006211
0,003845
0,002585
0,003536
0,005259
0,004166
0,006365
0,004629
0,005581
0,003536
0,005259
0,004796
0,005735
0,007304
0,006044
0,002585
0,002122
0,004166
0,004475
0,002276
0,002906
0,00054
0,005259
0,007137
0,003536
0,003845
0,00306
0,006674
0,004166
0,004951
0,006982
0,007458
0,004475
0,006211
0,004951
0,004796
0,004629
0,005105
0,007767
0,006044
0,007304
0,008242
0,006982
0,009978
0,007458
0,007612
0,006674
0,006828
0,005735
0,003369
0,005259
0,003536
0,002276
0,006674
0,004796
0,003845
0,008873
0,007304
0,003999
0,007304
0,006828
0,006674
0,004321
0,004166
0,005581
0,006211
0,001955
0,006365
0,003999
0,004796
0,00369
0,0018
0,005105
0,004951
0,006365
0,004951
0,006044
0,006519
0,006982
0,006365
0,005735
0,004629
0,005581
0,005581
0,005414
0,001646
0,007304
0,003369
0,004629
0,002752
0,006674
0,002906
0,005105
0,003536
0,005259
0,004796
0,005105
0,005259
0,002906
0,003215
0,003215
0,002122
0,002585
0,001955
0,004321
0,001337
0,001955
0,00306
0,002585
0,002122
0,004629
0,007304
0,003215
0,003999
0,004475
0,005105
0,005581
0,003845
0,001492
0,002276
0,00306
0,001016
0,003845
0,006211
0,003999
0,002122
0,003369
0,004166
0,005581
0,001492
0,001337
-0,001337
-0,000874
0,00054
-0,000399
-0,002919
-0,000553
-0,002597
-0,003536
0,001337
-0,000553
-0,000874
0,002276
0,000707
0,00243
0,0018
0,00117
-0,001183
0,00243
0,001646
7,7E-05
0,000231
0,001337
0,001646
0,001016
-0,000553
-0,001337
0,00243
0,003369
0,003369
0,00117
0,003536
0,003999
0,003536
0,005259
0,002906
0,001646
0,003215
0,002122
0,00243
0,001646
-0,000244
-0,000874
0,002906
0,001646
0,006044
0,003999
0,003536
0,00306
0,001016
0,003999
0,003999
0,003536
0,002585
0,004951
0,002752
0,00306
0,002585
0,00243
0,002752
0,005105
0,002122
0,001492
0,002585
0,00306
0,007137
0,003215
0,007137
0,006365
0,006519
0,004951
0,008088
0,003369
0,005105
0,005105
0,00369
0,002122
0,005105
0,005259
0,005889
0,004475
0,006828
0,005105
0,005735
0,004475
0,005414
0,005105
0,004475
0,00243
0,003999
0,001646
0,00243
0,00054
0,002276
0,001016
0,00306
0,004629
0,005259
0,000707
0,001955
