0,011351
0,010462
0,007995
0,008625
0,007169
0,009768
0,008688
0,010144
0,00647
0,00837
0,007677
0,006221
0,007677
0,004511
0,009451
0,007359
0,003113
0,005967
0,00774
0,007931
0,00647
0,007804
0,005204
0,006597
0,00755
0,007867
0,007931
0,005395
0,00647
0,010271
0,00666
0,009387
0,00603
0,004574
0,00603
0,005014
0,004193
0,004257
0,006787
0,005967
0,005331
0,00584
0,00603
0,006284
0,008561
0,006221
0,00603
0,006978
0,007931
0,005331
0,00755
0,010017
0,009768
0,010144
0,011415
0,012744
0,009578
0,011415
0,008879
0,011415
0,010716
0,007804
0,009387
0,006914
0,006094
0,00666
0,005204
0,003431
0,008122
0,004193
0,000582
0,003685
0,000837
0,003939
0,001091
0,002165
0,001027
-0,000556
0,001091
-0,001128
0,001091
-0,000492
0,000519
-0,001636
-0,003219
-0,001821
-0,000937
-0,00081
0,000328
0,002038
0,000265
0,001911
0,00261
0,00261
0,004696
0,002483
0,003685
0,003812
0,003367
0,003304
0,005586
0,00413
0,005141
0,00324
0,001218
0,00242
0,001726
-0,001318
0,001975
-0,000365
0,002229
1,6E-05
-0,001191
0,003113
-0,001255
1,6E-05
-0,002838
-0,000619
0,000201
0,00242
-0,000111
-0,000492
0,001218
-0,001001
0,003431
-0,001191
0,000519
0,002165
0,003494
1,6E-05
0,002292
1,6E-05
0,001662
0,001911
0,00261
0,002038
0,002986
0,002102
0,006787
0,003177
0,004696
0,006724
0,00584
0,00432
0,00179
0,005967
0,003621
0,004003
0,00476
0,007486
0,007169
0,005903
0,00926
0,008434
0,00603
0,008752
0,008879
0,008688
0,007867
0,007169
0,009895
0,006914
0,005331
0,00603
0,009133
0,001911
0,00305
0,004574
0,006724
0,006533
0,004574
0,002483
0,005776
0,00495
0,009006
0,006406
0,005903
0,006406
0,005331
0,009768
0,00584
0,006533
0,002986
0,001975
0,003812
0,001911
0,004574
0,003939
0,00324
0,001472
0,001662
-4,8E-05
0,000138
-0,001255
-0,001821
-0,001128
-0,001064
-0,003028
-0,000683
-0,002965
-0,006449
-0,007142
-0,005813
-0,008032
-0,003155
-0,005247
-0,006004
-0,004738
-0,003028
-0,003346
-0,00423
-0,004484
-0,005623
-0,006893
-0,004611
-0,006067
-0,006893
-0,006703
-0,007714
-0,007206
-0,003531
-0,003976
-0,003976
-0,002457
-0,001445
-0,002965
-0,001636
-0,004993
-0,002838
-0,002139
-0,000175
-0,002711
-0,004357
-0,002838
-0,003155
-0,001572
-0,006512
-0,005623
-0,002393
-0,003473
-0,004738
-0,004167
-0,002139
-0,000302
-0,002139
-0,002584
-0,001064
0,001218
0,001472
0,001535
0,001535
0,002795
0,00413
0,00432
0,005014
0,004696
0,00495
0,008122
0,010271
0,009514
0,010589
0,00666
0,010208
0,009451
0,012998
0,011605
0,007232
0,010017
0,009641
0,011097
0,009768
0,009895
0,01268
0,008307
0,009705
0,011034
0,008307
0,006851
0,00476
0,006348
0,005395
0,004066
0,002859
0,00242
0,000201
0,004633
0,00179
0,002674
0,004384
0,00305
0,002859
0,002356
0,002038
0,000582
0,002102
0,004003
0,004066
0,00261
0,004887
0,003113
0,003113
0,000582
0,00413
0,003621
0,003812
0,003558
0,001218
0,000455
-0,000429
0,000646
0,001726
-4,8E-05
0,000519
-0,001572
0,000709
0,002986
0,001408
0,003812
0,001599
-0,002266
-0,00252
-0,00233
-0,002711
-0,003473
-0,003155
-0,004993
-0,006004
-0,006449
-0,004611
-0,005496
-0,004675
-0,005686
-0,006766
-0,00746
-0,00512
-0,006512
-0,006512
-0,010314
-0,003658
-0,004294
-0,003531
-0,001758
-0,00341
-0,003913
-0,005247
-0,00341
-0,00081
-0,00423
-0,004484
-0,005369
-0,001572
-0,003283
-0,003595
-0,004167
-0,006258
-0,003976
-0,001509
-0,005877
-0,00423
-0,007142
-0,001948
-0,002393
-0,006639
-0,003473
-0,002457
-0,002139
-0,003595
-0,006194
-0,007396
-0,002965
-0,006512
-0,005369
-0,008349
-0,00531
-0,006449
-0,003028
-0,001572
-0,005247
-0,002838
-0,00404
-0,003913
-0,005432
-0,002711
-0,002584
-0,002838
-0,000683
-0,002012
-0,002139
-0,001758
-0,000492
-0,00252
0,002674
0,00413
0,00242
0,000582
0,00476
0,004003
0,006851
0,005967
0,005649
0,007232
0,008752
0,00584
0,004887
0,008879
0,007105
0,008625
0,008752
0,004633
0,005586
0,007042
0,007296
0,005268
0,008688
0,00926
0,010335
0,006348
0,007232
0,00666
0,009006
0,006221
0,006914
0,007995
0,00837
0,008942
0,003748
0,004511
0,006724
0,010081
0,008561
0,009006
0,005395
0,002923
0,003177
0,001662
0,001535
0,001027
0,000964
0,000265
-0,002012
-0,001509
-0,004866
-0,006258
-0,003658
-0,00423
-0,006576
-0,006258
-0,005813
-0,005496
-0,009488
-0,008921
-0,010816
-0,008794
-0,010314
-0,014305
-0,01088
-0,012405
-0,012654
-0,01538
-0,015063
-0,017604
-0,016714
-0,01627
-0,015634
-0,015444
-0,013734
-0,017858
-0,018049
-0,020087
-0,016714
-0,016842
-0,013988
-0,01348
-0,016079
-0,015444
-0,012214
-0,012654
-0,01367
-0,012405
-0,015126
-0,01348
-0,015761
-0,016524
-0,013225
-0,014051
-0,013225
-0,012468
-0,012717
-0,015126
-0,013924
-0,014178
-0,011642
-0,01348
-0,013988
-0,01348
-0,015317
-0,014427
-0,014681
-0,01367
-0,013289
-0,013098
-0,011706
-0,012717
-0,012024
-0,011897
-0,011452
-0,015761
-0,010944
-0,00917
-0,014364
-0,009361
-0,010504
-0,010695
-0,011515
-0,011071
-0,011134
-0,009805
-0,011388
-0,011388
-0,009043
-0,006449
-0,007968
-0,009361
-0,00683
-0,006004
-0,003531
-0,004357
-0,003976
0,001154
-0,001948
-0,00252
-0,002075
-0,00233
-0,002965
0,000773
-0,003346
-0,000874
-0,0017
-0,000365
-0,000874
-0,002266
0,001472
-0,00423
-0,000365
-0,00233
-0,002139
-0,006067
-0,004167
-0,004802
-0,001948
-0,006131
-0,005183
-0,002139
-0,004802
-0,000874
-0,00252
-0,004167
-0,005369
-0,006067
-0,005559
-0,003976
-0,006004
-0,005056
-0,008159
-0,009106
-0,006322
-0,008667
-0,008413
-0,010377
-0,009043
-0,010186
-0,009233
-0,009551
-0,009233
-0,012468
-0,008921
-0,013289
-0,012151
-0,013098
-0,01196
-0,013035
-0,014554
-0,011261
-0,014364
-0,01519
-0,013289
-0,019134
-0,014681
-0,014242
-0,015698
-0,016079
-0,017096
-0,017858
-0,016651
-0,018049
-0,012468
-0,017223
-0,016714
-0,013543
-0,014681
-0,013861
-0,011388
-0,009361
-0,011071
-0,008979
-0,008921
-0,010186
-0,008032
-0,007523
-0,008979
-0,007968
-0,007523
-0,007142
-0,003913
-0,00702
-0,007206
-0,00575
-0,006258
-0,006576
-0,004802
-0,00252
-0,004675
-0,006067
-0,006322
-0,006067
-0,003283
-0,000683
-0,001509
-0,001758
-0,00233
-0,004675
-0,001758
0,000646
-0,000238
0,001027
0,001535
0,002483
0,003876
0,002737
0,00324
0,006597
0,006157
0,005141
0,007613
0,008688
0,009069
0,007169
0,009069
0,010462
0,011415
0,009196
0,009705
0,009514
0,011288
0,011097
0,010652
0,009959
0,012426
0,01439
0,011918
0,012426
0,010144
0,010144
0,01439
0,013061
0,018297
0,011034
0,017546
0,015153
0,015153
0,017858
0,012553
0,016159
0,014454
0,019494
0,017355
0,016349
0,016349
0,015153
0,017482
0,018361
0,018425
0,018679
0,019621
0,020818
0,017731
0,01943
0,020188
0,019621
0,021506
0,020691
0,017922
0,018239
0,019812
0,01943
0,018552
0,018615
0,016725
0,017546
0,013506
0,017795
0,016286
0,018552
0,014771
0,017228
0,017228
0,016667
0,016979
0,016667
0,013506
0,016413
0,015973
0,014771
0,015846
0,014009
0,01528
0,015783
0,015407
0,015656
0,0142
0,0142
0,013443
0,015153
0,015656
0,013691
0,012426
0,01357
0,010462
0,012362
0,013125
0,007931
0,010271
0,009451
0,011351
0,010652
0,011605
0,011224
0,009578
0,00837
0,01097
0,010017
0,011918
0,009196
0,011981
0,008058
0,008561
0,01097
0,012172
0,011542
0,013945
0,010144
0,01268
0,011981
0,010462
0,01249
0,011288
0,013379
0,00926
0,010589
0,009387
0,009705
0,009514
0,010843
0,009514
0,007931
0,008307
0,011224
0,008879
0,010843
0,009006
0,009387
0,007867
0,008561
0,009514
0,008561
0,008498
0,005459
0,003748
0,008942
0,006157
0,006851
0,004633
0,006284
0,00584
0,00755
0,006094
0,007042
0,00926
0,006978
0,00666
0,008498
0,003876
0,007867
0,006406
0,007677
0,007931
0,007995
0,00584
0,005649
0,006533
0,005395
0,006157
0,00413
0,001853
0,005331
0,005586
0,005077
0,004384
0,003113
0,007042
0,002356
0,005522
0,006597
0,004257
0,004696
0,003431
0,003431
0,003812
0,00495
0,00584
0,000837
0,000519
0,002547
0,004574
0,003177
0,001408
0,000582
0,000837
0,002102
-0,000175
0,000709
0,001154
0,000773
-0,000302
0,001281
-0,000175
-0,000492
-0,001445
0,000519
-0,000747
0,000519
-0,001636
-0,000556
-0,000302
-0,003346
-0,003849
-0,003346
-0,002202
-0,001509
-0,004929
-0,000556
-0,003595
-0,001948
-0,002012
-0,002266
-0,003786
-0,006766
-0,007142
-0,00404
-0,005056
-0,003913
-0,004802
-0,004357
-0,004357
-0,006258
-0,007333
-0,006067
-0,004357
-0,005496
-0,009043
-0,002774
-0,003092
-0,007269
-0,005432
-0,002584
-0,00512
-0,003976
-0,005369
-0,002965
-0,002012
-0,00233
-0,002647
-0,003155
-0,002012
-0,00423
-0,005056
-0,001255
-0,003155
-0,004167
-0,001821
-0,002838
-0,001255
-0,00341
-0,00341
-0,002139
-0,003786
-0,002774
-0,005559
-0,002584
-0,000238
-0,002647
-0,001572
-0,000619
-0,001572
-0,000238
0,002356
0,000392
-0,000175
0,001472
0,000455
-0,000365
0,001027
0,002547
-0,002965
0,005586
0,001281
0,002229
0,002292
0,004384
0,003304
0,001853
0,001975
0,006787
0,005395
0,002547
0,004887
0,006348
0,003113
0,006157
0,005331
0,005077
0,007486
0,001975
0,003558
0,00261
0,004633
0,003685
0,002795
0,005331
0,00495
0,007423
0,004257
0,004633
0,00476
0,004887
0,004257
0,005014
0,004193
0,002795
0,004823
0,003494
0,004066
0,006597
0,006851
0,009069
0,006597
0,007995
0,006914
0,008942
0,004696
0,007677
0,007296
0,009069
0,00603
0,008243
0,00755
0,009069
0,003367
0,005967
0,005776
0,004511
0,007867
0,00774
0,00666
0,00476
0,00837
0,004384
0,00495
0,005077
0,003621
0,00603
0,003113
0,006157
0,002737
0,006221
0,005204
0,004633
0,00584
0,001853
0,00413
0,002038
0,004257
0,005713
0,004887
0,001853
0,002038
0,002923
0,002986
0,004003
0,003304
0,004193
0,000138
0,003431
0,003558
0,003431
0,003748
0,001472
0,001911
0,002674
0,00179
0,002102
-0,000874
0,003367
-0,000619
0,0009
-0,000874
0,001726
0,001154
-0,000111
-0,002647
-0,003531
-0,002202
-0,003219
-0,005247
-0,002838
-0,003913
-0,005056
-0,001318
-0,004611
-0,002901
-0,0017
-0,00252
-0,00594
-0,001885
-0,004421
-0,003283
-0,006766
-0,004294
-0,00081
-0,004993
-0,00252
-0,005056
-0,004103
-0,007206
-0,004675
-0,007206
-0,007714
-0,007523
-0,00873
-0,005496
-0,006639
-0,008159
-0,009488
-0,005496
-0,008921
-0,007142
-0,002266
-0,002393
-0,000747
-0,003092
-0,002647
1,6E-05
-0,000683
0,00179
-4,8E-05
0,001535
0,004003
0,003939
0,005268
0,004193
0,003304
0,00324
0,001911
0,001599
0,002547
0,002165
0,000964
1,6E-05
-0,000302
-0,001001
0,0009
-0,002965
-0,003092
-0,001064
-0,004738
-0,003976
-0,001128
-0,00531
-0,004421
-0,007084
-0,006766
-0,003976
-0,006512
-0,005623
-0,004993
-0,003346
-0,004675
-0,004802
-0,004484
-0,002711
0,001154
-0,000429
-0,000302
-0,003531
-0,003786
0,001535
0,000328
-0,000175
0,001599
0,001599
0,002483
0,000138
0,002229
-0,001318
-0,001128
-0,003155
-0,001509
-0,00404
-0,000747
0,000138
-0,000175
0,000455
0,000709
0,005395
0,000201
0,001154
0,000138
0,001472
0,002038
0,003177
0,001853
0,001975
0,004511
0,003304
0,001281
0,001535
0,003177
0,001154
0,00179
0,002356
0,003113
0,003367
0,00179
0,003558
0,004066
0,002165
0,003113
0,001911
0,001281
0,0009
0,003177
-0,004611
-0,001758
-0,000111
-0,001821
-0,0017
-0,00575
-0,00594
-0,003913
-0,006385
-0,006258
-0,007523
-0,005496
-0,005559
-0,005056
-0,002202
-0,00233
-0,003913
-0,003849
-0,000492
-0,000747
1,6E-05
-0,004929
-0,002647
-0,005686
-0,003283
-0,00531
-0,006004
-0,007142
-0,004484
-0,004103
-0,006449
-0,007587
-0,006639
-0,007968
-0,007714
-0,00917
-0,009043
-0,008095
-0,008921
-0,008603
-0,008476
-0,008476
-0,008286
-0,008858
-0,006322
-0,00575
-0,00512
-0,006131
-0,00575
-0,004929
-0,003219
-0,005623
-0,004167
-0,003913
-0,00341
-0,006131
-0,002711
-0,003531
-0,003722
-0,00423
-0,003219
-0,003976
-0,003786
-0,002075
-0,00341
-0,001509
-0,003913
-0,00683
-0,001064
-0,003219
-0,002139
-0,003028
-0,000683
-0,003595
-0,002266
-0,004484
-0,003283
-0,00404
-0,003155
-0,001948
-0,003786
-0,006512
-0,005247
-4,8E-05
-0,003722
-0,0017
7,9E-05
-0,005877
-0,00423
-0,003155
-0,004484
-0,001885
-0,002202
-0,002901
-0,007269
-0,005559
-0,004929
-0,0017
-0,005559
-0,005623
-0,004993
-0,005247
-0,004484
-0,003849
-0,003913
-0,003028
-0,005496
-0,005432
-0,004738
-0,002012
-0,001255
-0,002647
-0,003913
-0,005183
-0,007206
-0,006957
-0,002457
-0,007084
-0,009488
-0,009043
-0,007396
-0,007587
-0,009488
-0,008032
-0,008032
-0,004993
-0,007905
-0,00765
-0,008032
-0,008159
-0,009615
-0,010504
-0,00594
-0,009297
-0,010186
-0,008794
-0,004484
-0,00594
-0,009869
-0,006576
-0,006449
-0,011261
-0,006449
-0,00765
-0,007905
-0,009742
-0,008286
-0,008095
-0,006385
-0,00917
-0,008476
-0,007714
-0,006957
-0,005496
-0,006957
-0,00702
-0,007714
-0,00746
-0,009996
-0,005877
-0,006067
-0,004675
-0,00512
-0,005496
-0,005623
-0,006322
-0,00512
-0,003786
-0,004993
-0,00233
-0,003722
-0,003786
-0,004421
-0,003028
-0,002901
-0,002202
-0,001821
-0,002012
0,001027
0,0009
0,002795
0,00305
0,001091
0,001345
0,001408
-0,000556
-0,000302
0,002674
-0,000238
1,6E-05
0,001472
-0,000747
-0,001191
0,001472
0,001472
0,000138
-0,004548
-0,003155
-0,001128
-0,000365
-0,001001
-0,002012
-0,000937
-0,000619
0,002859
-0,001001
-0,000874
-0,000492
-0,00081
-0,001572
-0,002647
-0,002584
-0,001001
0,000392
-0,00341
-0,001948
-0,003092
-0,00252
-0,004357
0,000455
-0,003658
-0,001128
-0,001572
-0,000492
0,001472
-0,000619
0,000582
0,002859
0,002674
0,003431
0,005014
0,00432
0,00603
0,004447
0,005903
0,008752
0,004193
0,005459
0,004066
0,008688
0,005268
0,005967
0,004384
0,003939
-4,8E-05
0,001726
-0,000874
-0,0017
-0,006512
-0,004103
-0,005432
-0,00423
-0,00512
-0,005623
-0,004929
-0,005496
-0,006766
-0,008222
-0,006194
-0,002901
-0,003849
-0,002838
-0,005686
-0,003473
-0,00081
-0,002457
0,000328
0,00242
0,002356
0,007169
0,003876
0,002547
0,008498
0,007423
0,004257
0,005459
0,00413
0,00413
0,002483
0,004574
0,00584
0,005331
0,005649
0,010779
0,00476
0,004384
0,003685
0,003367
0,00305
0,006724
0,00324
0,004003
0,004447
0,000519
0,003621
0,002038
0,001472
0,005268
0,000773
0,008058
0,005204
0,005014
0,004384
0,004823
0,007232
0,00495
0,005268
0,005776
0,00755
0,00755
0,008561
0,010589
0,009196
0,009768
0,008688
0,007296
0,005713
0,004257
0,008561
0,005713
0,005649
0,007169
0,007359
0,006221
0,006597
0,007232
0,004066
0,004511
0,000201
0,001975
-0,002075
0,002102
0,001091
0,002356
0,001154
0,001218
-0,0017
0,001472
0,000709
-0,002075
-0,002838
-0,00404
-0,002711
-0,003786
-0,000492
-0,001064
-0,001885
-0,000365
0,000773
0,000519
-0,001255
0,000519
0,001154
-0,001318
0,000964
-0,002202
0,002102
0,000709
0,001154
-0,003531
0,00179
0,000392
-0,001001
-0,001128
-0,000175
-0,001948
-0,002393
-0,001948
-0,004294
-0,003028
-0,001191
-0,002266
-0,001191
0,001662
0,002165
7,9E-05
-0,000365
-0,000302
-0,001636
0,002292
0,003812
-0,000874
0,003621
0,002859
0,003812
0,003113
0,00179
0,00603
0,004633
0,005331
0,002356
0,003621
0,00666
0,005903
0,004574
0,00261
0,006157
0,003431
0,003748
0,003685
0,003177
0,00476
0,001853
0,004257
0,002356
0,002986
0,001662
0,003812
0,001408
-0,00081
0,001472
0,001218
0,000646
-0,002075
0,001853
0,000265
-0,000492
-0,000111
0,001027
-0,000238
0,000138
-0,002965
-0,000747
0,001599
-0,001758
-0,001064
-0,000238
-0,001636
-0,000238
0,000328
0,000646
0,002229
0,002986
-0,001636
-0,002838
0,001345
0,002102
-0,001758
-0,002457
-0,00081
-0,002139
-0,000619
-0,001636
-0,002647
-0,000302
0,001535
0,001599
0,001599
0,00242
7,9E-05
0,002165
0,000773
-0,002584
0,001281
0,0009
-0,002647
-0,001445
-0,001885
-0,002012
-0,001255
-0,00252
-0,000683
-0,001509
0,002038
-0,0017
-0,001064
0,001911
-0,000238
-0,000683
0,00324
0,00179
-0,001636
0,003939
0,000138
0,00261
-0,000111
0,002483
-0,002139
-0,001445
0,003748
0,000392
0,001281
-0,001636
0,004384
0,001218
0,000265
-0,00081
0,001281
0,004447
0,000201
0,002547
0,000201
0,00305
-0,000175
-0,000619
0,001027
-0,00081
-0,000747
0,000265
-0,001821
0,001218
1,6E-05
0,001472
-0,002647
0,001472
0,000519
-0,000302
0,002795
0,001599
0,000201
0,002165
0,003621
0,005014
0,004633
0,003177
0,003113
0,006851
0,004696
0,006406
0,005204
0,00476
0,003494
0,005204
0,005586
0,008625
0,008243
0,006787
0,007677
0,007804
0,006724
0,007931
0,010271
0,008625
0,008561
0,010081
0,009768
0,006978
0,009705
0,006914
0,007423
0,007677
0,00647
0,010652
0,009196
0,004696
0,008625
0,008185
0,008307
0,007931
0,005903
0,007169
0,006533
0,006724
0,005268
0,008752
0,007613
0,008815
0,007867
0,00755
0,008434
0,009959
0,010208
0,009006
0,011605
0,009133
0,011981
0,013882
0,011034
0,012362
0,013252
0,011224
0,012871
0,010843
0,008625
0,011351
0,011605
0,009323
0,006978
0,011918
0,011161
0,00837
0,008058
0,010081
0,010208
0,009133
0,00647
0,007042
0,009768
0,00837
0,006221
0,010652
0,005014
0,005395
0,005014
0,00261
0,006597
0,005014
0,006851
0,006851
0,006157
0,004384
0,002737
0,005903
0,005077
0,005649
0,007613
0,005967
0,007296
0,00774
0,008185
0,008879
0,008122
0,007105
0,006221
0,006221
0,006533
0,007931
0,010271
0,005395
0,007042
0,005331
0,005141
0,005522
0,004257
0,003367
0,001726
0,005331
0,001091
0,000201
0,003113
0,000328
-0,000747
0,001472
-0,00081
0,002038
0,000646
-0,0017
0,002038
0,002795
0,001027
0,002038
0,002923
0,001091
0,003876
0,002483
0,001599
0,00242
0,001218
-0,000302
0,002483
0,003939
0,001154
0,001345
0,001345
-4,8E-05
0,002292
0,000265
-0,001885
-0,000747
-0,002838
-0,003849
-0,004548
-0,004929
-0,003658
-0,003786
-0,004421
-0,000747
-0,000302
-0,002965
0,001218
-0,001191
-0,001636
-0,001758
-0,0017
-0,005813
-0,004484
-0,004294
-0,005369
-0,003473
-0,004866
-0,006385
-0,008222
-0,00575
-0,006131
-0,006131
-0,007084
-0,003976
-0,006766
-0,006322
-0,008286
-0,007269
-0,010377
-0,007841
-0,008794
-0,008603
-0,011007
-0,009996
-0,012214
-0,008476
-0,011071
-0,009932
-0,010377
-0,013988
-0,008032
-0,010314
-0,012717
-0,007587
-0,011261
-0,009615
-0,007714
-0,00854
-0,006258
-0,007269
-0,006893
-0,007905
-0,006957
-0,006004
-0,008979
-0,005496
-0,00854
-0,007587
-0,008095
-0,008095
-0,008603
-0,011134
-0,010631
-0,008979
-0,011071
-0,010695
-0,010568
-0,011134
-0,010441
-0,011769
-0,013098
-0,014364
-0,01259
-0,011897
-0,013035
-0,010753
-0,011071
-0,014178
-0,009615
-0,009869
-0,013416
-0,011897
-0,009297
-0,008286
-0,011579
-0,009106
-0,008921
-0,012214
-0,009678
-0,008794
-0,008476
-0,010504
-0,010123
-0,007905
-0,00854
-0,006194
-0,009297
-0,009106
-0,007206
-0,011515
-0,007714
-0,006957
-0,008286
-0,009678
-0,008794
-0,006449
-0,007777
-0,00594
-0,005877
-0,007396
-0,00575
-0,00575
-0,009361
-0,005496
-0,005877
-0,006893
-0,00423
-0,005877
-0,008858
-0,011071
-0,00854
-0,00765
-0,00854
-0,008032
-0,009869
-0,009233
-0,01196
-0,011642
-0,008095
-0,008286
-0,010123
-0,010186
-0,009233
-0,008476
-0,008349
-0,005056
-0,012341
-0,010816
-0,010504
-0,008794
-0,010816
-0,010631
-0,010504
-0,009297
-0,008794
-0,01025
-0,009551
-0,005813
-0,009551
-0,007523
-0,008858
-0,010314
-0,007206
-0,00854
-0,007333
-0,006512
-0,008476
-0,006194
-0,008032
-0,007206
-0,008667
-0,006703
-0,005559
-0,00683
-0,003913
-0,006639
-0,008095
-0,004421
-0,004103
-0,004548
-0,006639
-0,004294
-0,00081
-0,003346
-0,003283
-0,002266
-0,001318
0,000138
-0,004993
-0,0017
-0,002647
-0,000175
0,000328
-0,000365
-0,002965
-0,000365
-0,001191
-0,000111
0,000773
-0,002965
-0,000937
-0,00233
-0,000429
-0,001445
-0,001572
0,000138
0,000519
-0,002075
0,000709
0,000392
0,001535
-0,000365
0,000837
0,001662
0,004447
0,002986
0,001218
0,00432
0,006724
0,00432
0,005903
0,007169
0,003685
0,006157
0,004823
0,004384
0,00432
0,005903
0,003494
0,004003
0,002795
0,00476
0,004257
0,002102
0,003812
0,003304
0,002795
0,003431
0,003685
0,009133
0,004823
0,003939
0,004633
0,003876
0,00584
0,002859
0,00603
0,004887
0,006348
0,005014
0,005395
0,006157
0,004193
0,008942
0,008752
0,009768
0,005459
0,008942
0,008688
0,005395
0,008243
0,00666
0,008307
0,007804
0,004823
0,008498
0,006348
0,007677
0,009387
0,003685
0,008752
0,006914
0,009641
0,005141
0,00647
0,008625
0,009069
0,005395
0,006533
0,010462
0,005014
0,00647
0,008122
0,009705
0,008058
0,008307
0,008688
0,010462
0,010081
0,009387
0,010525
0,01097
0,008561
0,008688
0,011288
0,013755
0,011351
0,010906
0,012235
0,012108
0,010779
0,010398
0,00413
0,010144
0,002923
0,00432
-0,001885
0,001911
0,001408
-0,000302
-0,002647
-0,003473
0,000837
-0,003028
-0,003219
-0,005877
-0,003092
-0,001572
-0,004929
-0,002901
-0,00081
0,001911
0,002674
0,005522
0,005713
0,007296
0,011981
0,012362
0,012617
0,013628
0,015465
0,016037
0,013945
0,014708
0,014327
0,014581
0,012871
0,012172
0,008879
0,012235
0,00666
0,004257
0,005903
0,00603
0,00495
0,005459
0,001027
0,005903
0,001218
0,000709
-0,000874
0,00179
-0,001758
-0,001064
-0,000874
-0,001382
-0,004802
-0,005496
-0,002266
-0,000365
0,000265
0,002229
0,000582
0,001281
0,005077
0,006094
0,00755
0,006533
0,009959
0,007296
0,010906
0,008625
0,011161
0,010208
0,011097
0,009196
0,009578
0,00755
0,009895
0,00774
0,005903
0,010271
0,006978
0,006094
0,004384
0,005967
0,005395
0,003367
0,00413
0,004511
0,002986
0,003876
0,003177
0,004511
0,002165
0,001408
0,00242
0,002859
0,004257
0,005014
-0,000556
0,003812
0,002483
0,002292
0,002674
0,00495
0,003939
0,00324
0,001472
0,005077
0,00324
0,005204
0,003558
0,002038
0,003177
0,00666
0,002795
0,004887
0,00476
0,005649
0,002483
0,002229
0,00647
0,00179
0,002165
0,003367
0,002923
0,002795
0,002859
0,00261
0,001853
0,000964
0,003177
-0,001191
1,6E-05
0,000455
0,000582
0,000964
0,000837
0,000265
0,001662
-0,001572
-0,001948
0,000709
-0,002584
-0,001191
-0,001509
0,000964
0,000328
0,001911
-0,001318
0,001091
0,002674
0,002547
-0,000683
0,003304
0,003431
0,002737
0,00324
0,002859
0,00242
0,001281
0,000138
0,000964
-0,002457
-0,001821
-0,000937
0,000392
-0,001318
-0,001001
0,005077
0,000646
0,000582
0,000138
-0,000874
0,002038
0,000138
0,000138
-0,000365
7,9E-05
0,000964
-0,000683
-0,000683
-0,00081
-0,001128
-0,000747
-0,002838
-0,003595
-0,000492
-0,001445
0,001662
-0,002901
-0,002647
-0,001509
-0,000874
-0,001572
0,000519
-0,002075
0,000646
0,001027
0,001975
-0,000492
-0,000175
0,001599
-0,000619
0,002165
-0,000238
-0,002202
-0,000619
0,001408
0,000392
0,002356
-0,000111
0,000646
0,002483
0,002038
0,000519
-0,000111
0,003367
0,001599
0,003177
0,004887
0,004384
0,002292
0,004447
0,004257
0,001408
0,004823
0,003812
0,00603
0,00242
0,003685
0,00179
0,00305
0,001975
0,003748
0,000265
0,003621
0,002165
0,005459
0,002737
0,002356
0,002165
0,002737
0,001027
0,00179
0,001726
0,002483
0,002356
0,004257
0,001091
0,003621
0,006348
0,003304
0,002923
0,00495
0,006724
0,002737
0,00413
0,004447
0,002674
-0,000111
0,00305
0,00179
0,002292
0,001408
0,001408
0,003748
0,002356
0,003113
0,001726
0,004696
0,003113
-0,001001
0,002292
0,006406
0,002229
0,002737
0,003558
0,004633
0,003304
0,004257
0,003177
0,004447
0,001662
0,001853
0,005395
0,00432
0,003621
0,002795
0,002547
0,001662
0,001345
0,001281
0,002038
0,002292
0,001472
0,003876
0,00242
0,001853
0,003177
0,005014
0,001027
0,005204
0,003367
0,003748
0,002547
0,000392
0,000138
0,000709
-0,000492
0,001345
0,002229
0,00324
0,002547
0,001472
0,001853
0,001091
0,003113
0,002102
0,001091
0,001853
0,004887
0,005268
0,007613
0,007486
0,007105
0,007804
0,007486
0,004066
0,005967
0,003939
0,005967
0,008058
0,008498
0,005395
0,006284
0,003812
0,007613
0,005141
0,003939
0,006978
0,007867
0,005204
0,010208
0,006597
0,005268
0,006978
0,004066
0,006221
0,005141
0,008307
0,004696
0,007359
0,007931
0,007042
0,00584
0,00495
0,00432
0,007296
0,008185
0,005395
0,005586
0,003494
0,008561
0,006157
0,007359
0,004447
0,006284
0,005903
0,00647
0,004384
0,006284
0,006284
0,003304
0,006094
0,00647
0,004193
0,004447
0,006533
0,003494
0,002795
0,001154
0,004066
0,003494
-0,000429
-0,000937
0,000201
0,001726
0,001975
0,003113
0,002795
0,005903
0,000837
0,002102
0,003558
0,001726
0,004066
0,005077
0,004003
0,004257
0,001853
0,002229
0,004696
0,001027
-0,001064
-0,001255
0,001662
0,001662
-0,001255
0,002229
-0,000429
0,002102
-0,000492
0,000646
0,004384
0,000265
0,003685
0,001281
0,001911
0,003494
0,000519
-0,000556
-0,001318
0,000709
-0,002393
-0,002139
-4,8E-05
-0,002012
-0,00233
-0,000619
-0,001572
-0,002266
-0,000683
-0,004611
-0,001572
-0,002647
-0,005369
-0,002965
-0,002012
-0,005623
0,000455
-0,004167
-0,000683
-0,003092
-0,001445
0,001599
0,001662
0,001345
0,001345
-0,001885
0,000455
-0,001509
-0,001948
-4,8E-05
-0,001636
-0,006004
0,001472
-0,00081
-0,001948
-0,003092
-0,002774
-0,00252
-0,000238
-0,001885
-0,001821
-0,003595
-0,002584
-0,004167
-0,001255
-0,004421
-0,001948
-0,003531
0,0009
-0,001128
-0,005559
-0,003531
-0,002457
-0,002838
-0,003531
0,000138
-0,003092
-0,001572
-0,002457
-0,001885
-0,002647
-0,001255
-0,001191
-0,000937
-0,002139
1,6E-05
-0,002075
0,000392
-0,000429
-0,000747
-0,001382
0,0009
0,000265
-0,001636
0,000519
-0,002075
-0,003473
-0,003531
-0,006194
-0,00423
-0,004929
-0,004357
-0,004675
-0,003849
-0,000937
-0,006449
-0,004357
-0,00423
-0,00423
-0,002202
-0,001572
-0,002457
-0,001318
-0,001445
-0,003028
0,000455
-0,003531
-0,001255
-0,004929
-0,003786
-0,000302
-0,00252
-0,002202
-0,003155
-0,004866
-0,000683
-0,00081
-0,004611
-0,0017
-0,003028
-0,001758
-0,003595
-0,002266
-0,001572
0,000265
-0,000619
-0,003722
-0,00252
-0,005369
-0,003531
-0,003976
-0,003283
-0,005369
-0,007777
-0,002012
-0,005247
-0,004929
-0,005369
-0,006194
-0,00746
-0,00341
-0,003473
-0,001572
-0,00081
-0,003473
-0,001948
-0,0017
-0,003976
1,6E-05
-0,00081
-0,001758
-0,002457
-0,00594
0,001154
-0,002139
-0,001445
-0,002711
-0,000175
-0,001064
-0,001128
-0,002457
-0,000302
0,000328
-0,000492
-0,001318
-0,000175
0,001599
0,00324
0,002923
-0,000365
0,001091
0,001911
0,000328
0,001408
0,002483
0,001662
0,002986
0,003367
-0,000302
-0,001255
0,001853
